Time Stamp (sec),Temperature (K),Magnetic Field (Oe),Sample Position (degrees),Bridge 1 Resistance (Ohms)
1181997.671,1.99730827013652,444.475956217448,30.0022563934326,0.0129879418760538
1182018.25,1.99737499554952,1461.65398763021,30.0022563934326,0.0196122623980045
1182038.187,1.99765399297078,2469.92506510417,30.0022563934326,0.0348822616040707
1182058.296,1.99787904421488,3475.11901041667,30.0022563934326,0.0590447363754113
1182078.296,1.99782780806224,4461.69088541667,30.0022563934326,0.0770003467798233
1182098.187,1.99800275961558,5467.07552083333,30.0022563934326,0.0887301906943321
1182118.281,1.99811249574025,6471.12080078125,30.0022563934326,0.095039468506972
1182138.203,1.99822371006012,7464.54231770833,30.0022563934326,0.0978058407704035
1182158.421,1.99825417995453,8476.48671875,30.0022563934326,0.100004695852598
1182178.265,1.9981486082077,9477.3583984375,30.0022563934326,0.101846453050772
1182198.328,1.99817311763763,10469.6193359375,30.0022563934326,0.103148092329502
1182218.359,1.9981196641922,11461.1375,30.0022563934326,0.105064577360948
1182238.328,1.99799558321635,12474.666796875,30.0022563934326,0.106412391364574
1182258.25,1.99804191589355,13466.9095052083,30.0022563934326,0.107631268103917
1182278.296,1.99801528453827,14472.03359375,30.0022563934326,0.10909528285265
1182298.203,1.99789794286092,15468.8116536458,30.0022563934326,0.110384578009446
1182318.234,1.99804467360179,16468.2560546875,30.0022563934326,0.112009859581788
1182338.359,1.99804027875264,17469.0256510417,30.0022563934326,0.113661425809066
1182358.203,1.99812060197194,18475.2576822917,30.0022563934326,0.115074829757214
1182378.109,1.99812653859456,19478.3096354167,30.0022563934326,0.117026524245739
1182398.187,1.9980815966924,20464.0182291667,30.0022563934326,0.118364246189594
1182418.125,1.99819434483846,21469.7063802083,30.0022563934326,0.120309351881345
1182438.062,1.99820488293966,22470.1776041667,30.0022563934326,0.121821675201257
1182458.015,1.99823130766551,23459.837109375,30.0022563934326,0.123639174799124
1182478,1.99827833970388,24469.314453125,30.0022563934326,0.12539158364137
1182497.906,1.99829920927684,25468.1311197917,30.0022563934326,0.126752542455991
1182517.89,1.99835394223531,26468.10546875,30.0022563934326,0.128600917259852
1182537.859,1.99840257962545,27470.1143229167,30.0022563934326,0.130429835120837
1182557.906,1.99838509559631,28477.304296875,30.0022563934326,0.13249439795812
1182577.812,1.99844353199005,29470.10390625,30.0022563934326,0.13411151766777
1182597.843,1.99849053223928,30472.2309895833,30.0022563934326,0.136168377598127
1182617.703,1.99851530392965,31468.748046875,30.0022563934326,0.13766188621521
1182637.828,1.9985565106074,32473.73125,30.0022563934326,0.139366591970126
1182657.671,1.99859087467194,33468.8578125,30.0022563934326,0.141026510794957
1182677.671,1.9986138343811,34471.5669270833,30.0022563934326,0.142642915248871
1182697.687,1.99865421454112,35469.6002604167,30.0022563934326,0.144058318932851
1182717.625,1.99872568448385,36470.0544270833,30.0022563934326,0.145594916741053
1182737.593,1.99873686631521,37460.11953125,30.0022563934326,0.146750748157501
1182757.656,1.99880555470785,38471.909375,30.0022563934326,0.147457291682561
1182777.687,1.9989413022995,39478.3552083333,30.0022563934326,0.148250752687454
1182797.515,1.99894308249156,40459.4729166667,30.0022563934326,0.148448992768923
1182817.468,1.9989609559377,41477.1888020833,30.0022563934326,0.148628665010134
1182837.453,1.99899164835612,42468.46015625,30.0022563934326,0.148813929160436
1182857.359,1.99905327161153,43456.92890625,30.0022563934326,0.149009790023168
1182877.328,1.99901266098022,44467.02890625,30.0022563934326,0.149354519446691
1182897.375,1.99911937713623,45468.1583333333,30.0022563934326,0.149030886093775
1182917.328,1.99914243221283,46468.2057291667,30.0022563934326,0.149162885546684
1182937.296,1.99914829730988,47474.0299479167,30.0022563934326,0.149223460753759
1182957.359,1.99919248421987,48463.4385416667,30.0022563934326,0.149140545725822
1182977.359,1.9993279616038,49474.9158854167,30.0022563934326,0.149300348758698
1182997.296,1.99920395215352,50473.3065104167,30.0022563934326,0.149412865440051
1183017.203,1.99925501346588,51475.98671875,30.0022563934326,0.149289155006409
1183037.062,1.99930673440297,52476.7515625,30.0022563934326,0.14931522210439
1183056.843,1.99936078389486,53471.6796875,30.0022563934326,0.149481914440791
1183076.703,1.99935917854309,54471.4442708333,30.0022563934326,0.149276272455851
1183096.531,1.99941098690033,55474.43203125,30.0022563934326,0.14927927951018
1183116.39,1.99940704504649,56477.8817708333,30.0022563934326,0.149562123417854
1183136.109,1.99945655663808,57478.2877604167,30.0022563934326,0.14929203192393
1183156.078,1.9994330406189,58473.3078125,30.0022563934326,0.149388970931371
1183175.734,1.99949173132579,59469.221875,30.0022563934326,0.149474623799324
1183197.578,1.99931135972341,59999.7354166667,30.0022563934326,0.149401923020681
1183278.671,1.99939784208934,59564.1052083333,45.002254486084,0.149464602271716
1183299.468,1.99942934513092,58529.85390625,45.002254486084,0.149226529399554
1183319.562,1.9993722041448,57525.97109375,45.002254486084,0.149472726384799
1183339.687,1.99945712089539,56532.7893229167,45.002254486084,0.149474470814069
1183359.703,1.99941263198853,55535.2515625,45.002254486084,0.149519541859627
1183380.062,1.99945166905721,54536.2122395833,45.002254486084,0.149537524580956
1183400.109,1.99946615695953,53529.4484375,45.002254486084,0.149457215269407
1183420.156,1.99945770899455,52530.0015625,45.002254486084,0.149176851908366
1183440.406,1.99956955115,51525.8083333333,45.002254486084,0.149414033691088
1183460.296,1.99951586723328,50535.0140625,45.002254486084,0.149379233519236
1183480.468,1.99950121243795,49546.21875,45.002254486084,0.149426338076592
1183500.609,1.99947466850281,48515.3723958333,45.002254486084,0.149410190184911
1183520.796,1.99963332017263,47532.5190104167,45.002254486084,0.148875454068184
1183540.921,1.99953422546387,46533.4020833333,45.002254486084,0.149141704042753
1183560.937,1.99950833320618,45534.3447916667,45.002254486084,0.149191864331563
1183580.984,1.99951984087626,44535.8526041667,45.002254486084,0.149163297812144
1183601.312,1.99951298236847,43529.47890625,45.002254486084,0.149252555767695
1183621.359,1.99957099755605,42541.9471354167,45.002254486084,0.149495220184326
1183641.421,1.99947379430135,41526.09609375,45.002254486084,0.149296099940936
1183661.593,1.99957313537598,40532.7049479167,45.002254486084,0.14934755563736
1183681.593,1.99966708819071,39536.175,45.002254486084,0.149344388643901
1183701.718,1.99959061940511,38531.77421875,45.002254486084,0.149527591466904
1183721.921,1.9996077299118,37531.6026041667,45.002254486084,0.149242504437764
1183742.14,1.99959166049957,36518.928125,45.002254486084,0.149202135205269
1183762.125,1.9995551665624,35528.39453125,45.002254486084,0.149487313628197
1183782.25,1.99961047172546,34533.04609375,45.002254486084,0.149334174394608
1183802.375,1.99967431227366,33531.9049479167,45.002254486084,0.149276504913966
1183822.5,1.99965520699819,32530.8227864583,45.002254486084,0.149125175674756
1183842.718,1.99967994689941,31538.15078125,45.002254486084,0.149539355436961
1183862.812,1.99963585535685,30538.6592447917,45.002254486084,0.149239501357079
1183882.875,1.99964560667674,29532.5329427083,45.002254486084,0.149262210726738
1183902.89,1.99963955879211,28535.0130208333,45.002254486084,0.149337056279182
1183923.031,1.99970869223277,27545.73984375,45.002254486084,0.149458634853363
1183943.171,1.9997766494751,26535.08125,45.002254486084,0.149108338356018
1183963.312,1.99974092642466,25534.1615885417,45.002254486084,0.149060174822807
1183983.343,1.99969626267751,24541.8557291667,45.002254486084,0.14915308256944
1184003.406,1.99972796440125,23531.725390625,45.002254486084,0.149125229318937
1184023.5,1.99976936976115,22524.9859375,45.002254486084,0.148830036322276
1184043.546,1.99976450602214,21531.818359375,45.002254486084,0.148464601238569
1184063.578,1.99983909924825,20520.8553385417,45.002254486084,0.147414094209671
1184083.625,1.99983036518097,19526.069140625,45.002254486084,0.14623223443826
1184103.562,1.99986054897308,18534.9708333333,45.002254486084,0.144871139526367
1184123.734,1.99981220563253,17527.412890625,45.002254486084,0.14332391222318
1184143.687,1.9998789469401,16527.9912109375,45.002254486084,0.141596656044324
1184163.75,1.99992265701294,15532.1506510417,45.002254486084,0.139577074845632
1184183.812,1.99994422594706,14541.5837890625,45.002254486084,0.137709856033325
1184203.781,1.99998606840769,13531.7677083333,45.002254486084,0.134855725367864
1184223.906,2.0000009059906,12530.9327473958,45.002254486084,0.132214300831159
1184243.953,2.00001227060954,11542.9292317708,45.002254486084,0.12933285733064
1184264.078,2.00007472832998,10525.8772135417,45.002254486084,0.125841413935026
1184284.046,2.00005407333374,9524.10670572917,45.002254486084,0.122384009758631
1184304.125,2.00013887882233,8528.39661458333,45.002254486084,0.118086822330952
1184324.109,2.00015638669332,7530.27301432292,45.002254486084,0.113208982845147
1184344.187,2.00010921955109,6527.41282552083,45.002254486084,0.108023372292519
1184364.171,2.00029652913411,5533.91985677083,45.002254486084,0.101435180505117
1184384.25,2.00043228467305,4539.94436848958,45.002254486084,0.0910735343893369
1184404.281,2.00043168067932,3525.34057617188,45.002254486084,0.0726196462909381
1184424.359,2.00043716430664,2526.06293945313,45.002254486084,0.0449125245213509
1184444.359,2.00054380098979,1527.83326822917,45.002254486084,0.0224657678355773
1184464.234,2.00139790376027,528.247566731771,45.002254486084,0.0132879721000791
1184484.109,2.00062016646067,-0.177546887596448,45.002254486084,0.00739011960104108
1184574.781,2.00039496421814,437.068522135417,90.0022506713867,0.0123603796586394
1184595.14,2.00059769948324,1471.20668945312,90.0022506713867,0.0308199955771367
1184615.265,2.00066749254862,2471.76479492187,90.0022506713867,0.0602517046034336
1184635.265,2.00058722496033,3471.68523763021,90.0022506713867,0.0895503213008245
1184655.296,2.00061831474304,4469.30862630208,90.0022506713867,0.107838528851668
1184675.343,2.00056200027466,5468.98430989583,90.0022506713867,0.11936598221461
1184695.265,2.00059382120768,6467.7478515625,90.0022506713867,0.126923491557439
1184715.265,2.00055327415466,7472.87154947917,90.0022506713867,0.130865648388863
1184735.328,2.00045598347982,8469.840625,90.0022506713867,0.133266386389732
1184755.406,2.00045830408732,9474.03606770833,90.0022506713867,0.135060349106789
1184775.39,2.00043470064799,10462.6612630208,90.0022506713867,0.136440283060074
1184795.296,2.00036503473918,11466.5324869792,90.0022506713867,0.138386663794518
1184815.406,2.00029541651408,12471.0974609375,90.0022506713867,0.139441210031509
1184835.453,2.00033260981242,13473.2615885417,90.0022506713867,0.140358394384384
1184855.312,2.00028115908305,14471.8041015625,90.0022506713867,0.141178134083748
1184875.203,2.00015967686971,15471.3393229167,90.0022506713867,0.141410755117734
1184895.218,2.00008420149485,16468,90.0022506713867,0.142280741532644
1184915.296,2.00010670820872,17474.221875,90.0022506713867,0.1423247585694
1184935.25,1.99996653397878,18471.116796875,90.0022506713867,0.142562719186147
1184955.265,1.99999259312948,19476.841015625,90.0022506713867,0.143069984515508
1184975.156,1.99995036125183,20474.2813802083,90.0022506713867,0.143122727672259
1184995.187,1.99996380011241,21470.270703125,90.0022506713867,0.143390041589737
1185015.046,1.99995104471842,22466.0899739583,90.0022506713867,0.143767028053602
1185035.093,1.99989629586538,23477.453515625,90.0022506713867,0.144075257579486
1185055.031,1.99993052482605,24474.0145833333,90.0022506713867,0.144373456637065
1185075.015,1.99994186560313,25469.662890625,90.0022506713867,0.144323374827703
1185094.953,1.99979952971141,26476.086328125,90.0022506713867,0.144713528951009
1185114.953,1.99978557427724,27469.79296875,90.0022506713867,0.145200389623642
1185134.984,1.99981261094411,28464.658984375,90.0022506713867,0.145291353265444
1185154.859,1.99983219305674,29472.1109375,90.0022506713867,0.145814228057861
1185174.921,1.99987916946411,30465.555859375,90.0022506713867,0.146160971124967
1185194.859,1.99977948665619,31461.4279947917,90.0022506713867,0.146518629789352
1185214.718,1.9998020251592,32469.0875,90.0022506713867,0.146786256631215
1185234.781,1.99976397355398,33468.8984375,90.0022506713867,0.147275273005168
1185254.703,1.99922252496084,34468.6033854167,90.0022506713867,0.147541613380114
1185274.812,1.99910473823547,35476.01640625,90.0022506713867,0.148225223024686
1185294.765,1.99930508931478,36471.11640625,90.0022506713867,0.148467901349068
1185314.609,1.99926924705505,37470.8653645833,90.0022506713867,0.148490915695826
1185334.609,1.99812604586283,38459.6677083333,90.0022506713867,0.148988769451777
1185354.64,1.99889297485352,39472.4377604167,90.0022506713867,0.149158612887065
1185374.5,1.99918718338013,40466.925,90.0022506713867,0.149417039752007
1185394.515,1.9990208864212,41472.9875,90.0022506713867,0.149617684880892
1185414.421,1.99879206816355,42476.91171875,90.0022506713867,0.14972364505132
1185434.531,1.99626349608103,43475.053125,90.0022506713867,0.150003411372503
1185454.578,1.99577373663584,44472.8182291667,90.0022506713867,0.149868229031563
1185474.531,1.98515227635702,45483.65,90.0022506713867,0.149907706181208
1185494.359,2.00026401678721,46470.9796875,90.0022506713867,0.150348724921544
1185514.296,1.99915099938711,47467.8229166667,90.0022506713867,0.149998954931895
1185534.39,1.99891750017802,48462.5731770833,90.0022506713867,0.150334509213765
1185554.375,1.99923038482666,49474.3752604167,90.0022506713867,0.149848889311155
1185574.265,1.99911282857259,50470.10234375,90.0022506713867,0.150030467907588
1185594.296,1.99900088310242,51473.08671875,90.0022506713867,0.150127883752187
1185614,1.99907314777374,52474.8611979167,90.0022506713867,0.150082301100095
1185633.89,1.99890355269114,53473.1361979167,90.0022506713867,0.15027519762516
1185653.671,1.99936657746633,54470.22265625,90.0022506713867,0.150167819857597
1185673.515,1.99926466147105,55472.4942708333,90.0022506713867,0.150524452328682
1185693.312,1.99941218694051,56470.6145833333,90.0022506713867,0.150331538915634
1185713.203,1.99925857385,57476.4130208333,90.0022506713867,0.150553801655769
1185732.984,1.9977752606074,58487.8921875,90.0022506713867,0.150319295128187
1185752.781,2.00376605987549,59471.3880208333,90.0022506713867,0.150381058454514
1185774.531,1.99790830612183,59999.8432291667,90.0022506713867,0.150456458330154
1185870.875,1.99859805901845,59562.2114583333,150.002243041992,0.152887679139773
1185891.64,1.99880846341451,58527.9921875,150.002243041992,0.152806137005488
1185911.75,1.99881862004598,57531.3783854167,150.002243041992,0.152831474939982
1185931.89,1.99879155158997,56531.8971354167,150.002243041992,0.152745600541433
1185951.89,1.99905511538188,55534.9994791667,150.002243041992,0.153062374393145
1185972.062,1.99872425397237,54534.6453125,150.002243041992,0.15283059378465
1185992.265,1.99901627699534,53527.53359375,150.002243041992,0.152646205822627
1186012.265,1.99898494084676,52525.7716145833,150.002243041992,0.152505709727605
1186032.359,1.99903576374054,51535.2190104167,150.002243041992,0.15251150727272
1186052.484,1.9989599943161,50534.5072916667,150.002243041992,0.152257060011228
1186072.687,1.99914235273997,49529.1330729167,150.002243041992,0.152220251162847
1186092.734,1.99897546768188,48532.3731770833,150.002243041992,0.152337637543678
1186112.89,1.99921851158142,47534.5864583333,150.002243041992,0.152050654093424
1186132.984,1.99906051158905,46535.4265625,150.002243041992,0.151692095398903
1186153.234,1.99935264587402,45529.4322916667,150.002243041992,0.151922869682312
1186173.171,1.99924514293671,44537.1609375,150.002243041992,0.151733722289403
1186193.39,1.9991783618927,43524.8638020833,150.002243041992,0.151720469196637
1186213.421,1.99924397468567,42533.678125,150.002243041992,0.151380580663681
1186233.64,1.99936871528625,41533.1059895833,150.002243041992,0.151466125249863
1186253.671,1.99765745798747,40533.7463541667,150.002243041992,0.150931332508723
1186273.921,1.99575245380402,39527.9302083333,150.002243041992,0.150612105925878
1186293.968,1.99445452690125,38540.4315104167,150.002243041992,0.150113175312678
1186314.218,1.99298613071442,37528.28359375,150.002243041992,0.149702727794647
1186334.234,2.0019909620285,36541.1520833333,150.002243041992,0.149037167429924
1186354.296,1.99923954804738,35535.06328125,150.002243041992,0.148237860202789
1186374.421,1.99966510931651,34532.7135416667,150.002243041992,0.147269918521245
1186394.531,1.99977320830027,33522.6927083333,150.002243041992,0.145870114366213
1186414.609,1.99904548327128,32533.171484375,150.002243041992,0.14481621781985
1186434.828,1.99951930046082,31539.8497395833,150.002243041992,0.143404472867648
1186454.859,1.99964171250661,30528.7256510417,150.002243041992,0.141337050994237
1186475.078,1.99942776362101,29537.5057291667,150.002243041992,0.139945234855016
1186495.093,1.99945902029673,28533.7701822917,150.002243041992,0.138659826914469
1186515.265,2.002179479599,27532.20234375,150.002243041992,0.137932823101679
1186535.375,1.99753913084666,26527.2049479167,150.002243041992,0.136778242389361
1186555.562,1.99923623402913,25526.8776041667,150.002243041992,0.136058517297109
1186575.671,2.00138035615285,24505.9858072917,150.002243041992,0.135544076561928
1186595.609,1.98626381556193,23521.47734375,150.002243041992,0.135057799021403
1186615.687,1.99987500508626,22529.3709635417,150.002243041992,0.134582673509916
1186635.609,1.99956266880035,21534.1919270833,150.002243041992,0.134326730171839
1186655.718,1.99968993663788,20540.1360677083,150.002243041992,0.134107007582982
1186675.687,1.99982125759125,19528.11640625,150.002243041992,0.133925761779149
1186695.765,1.99981928666433,18542.9420572917,150.002243041992,0.133520844578743
1186715.781,1.99974121252696,17525.11015625,150.002243041992,0.133627316355705
1186735.859,1.9999009291331,16525.6208984375,150.002243041992,0.133480975031853
1186755.937,2.00658893585205,15529.5412109375,150.002243041992,0.133382683992386
1186776.015,1.99973497390747,14520.0179036458,150.002243041992,0.133538454771042
1186796.125,1.99944094022115,13523.1254557292,150.002243041992,0.133502807219823
1186816.156,1.99894601504008,12536.2881510417,150.002243041992,0.133031286795934
1186836.031,1.99937194983164,11533.3276692708,150.002243041992,0.133467466632525
1186856.14,2.00347836017609,10533.5380208333,150.002243041992,0.133111461997032
1186876.171,2.00098855495453,9534.83040364583,150.002243041992,0.133118223150571
1186896.265,2.0002033551534,8529.09368489583,150.002243041992,0.132975835601489
1186916.25,2.00017232100169,7526.67526041667,150.002243041992,0.13255136013031
1186936.328,2.00029785633087,6529.26399739583,150.002243041992,0.1304180453221
1186956.453,2.00042244593302,5539.41090494792,150.002243041992,0.125232788920403
1186976.312,2.01300644874573,4533.31106770833,150.002243041992,0.114924214283625
1186996.453,2.00045736630758,3526.70441080729,150.002243041992,0.094043397406737
1187016.421,2.00018760363261,2532.06635742188,150.002243041992,0.0631552803019683
1187036.406,2.00023353894552,1532.2035563151,150.002243041992,0.0311456038306157
1187056.421,2.00122957229614,531.602648925781,150.002243041992,0.0123263099541267
1187076.171,2.00557901859283,-0.173511732618014,150.002243041992,0.00753176013628642
1187173.828,2.00157697995504,441.035493977865,210.002243041992,0.0125653165703019
1187194.296,2.01509070396423,1473.11709798177,210.002243041992,0.0201560776680708
1187214.421,2.00044131278992,2471.15091145833,210.002243041992,0.0346779735138019
1187234.578,2.00009417533875,3465.04991861979,210.002243041992,0.0579369587202867
1187254.562,2.00032254854838,4484.9392578125,210.002243041992,0.0775096490979195
1187274.406,2.0004368464152,5466.04446614583,210.002243041992,0.0884473383426666
1187294.421,1.99703021844228,6493.7509765625,210.002243041992,0.0954470654328664
1187314.484,2.00037781397502,7471.56907552083,210.002243041992,0.0984320605794589
1187334.515,2.00057650407155,8470.873046875,210.002243041992,0.100198681652546
1187354.484,2.000603723526,9468.75227864583,210.002243041992,0.102381214002768
1187374.484,2.00063783327738,10467.3339192708,210.002243041992,0.103957472741604
1187394.484,2.00072611172994,11467.2431640625,210.002243041992,0.10521466533343
1187414.531,2.01337475776672,12462.4641927083,210.002243041992,0.107223047316074
1187434.468,2.00133757591248,13471.9612630208,210.002243041992,0.108678973714511
1187454.5,2.00025413036346,14473.181640625,210.002243041992,0.109777257343133
1187474.515,1.99986859957377,15462.9765625,210.002243041992,0.111426695684592
1187494.406,1.99957493146261,16476.7840494792,210.002243041992,0.113125710686048
1187514.546,1.99575381278992,17508.2307291667,210.002243041992,0.114988053341707
1187534.328,2.0029527425766,18470.8233072917,210.002243041992,0.116431909799576
1187554.312,2.00024531682332,19471.5516927083,210.002243041992,0.117577059070269
1187574.296,1.99999094804128,20472.6268229167,210.002243041992,0.119428856670856
1187594.296,2.0000174442927,21472.9145833333,210.002243041992,0.1212814544638
1187614.203,2.00004615783691,22468.3986979167,210.002243041992,0.122921588023504
1187634.234,1.99983460903168,23469.4608072917,210.002243041992,0.124910065035025
1187654.296,1.99899412790934,24475.5294270833,210.002243041992,0.127246224880219
1187674.171,1.99779163996379,25471.5419270833,210.002243041992,0.12955784201622
1187694.046,2.00072928269704,26465.6955729167,210.002243041992,0.131815318266551
1187714.078,2.00156314373016,27476.097265625,210.002243041992,0.133451956510544
1187734.125,1.98375999927521,28483.33359375,210.002243041992,0.134636769692103
1187754.015,1.99877858956655,29472.44453125,210.002243041992,0.13743917842706
1187774.015,1.99993588924408,30491.9423177083,210.002243041992,0.139995643496513
1187794.015,1.99954950809479,31464.7694010417,210.002243041992,0.142079542080561
1187813.89,1.99950881004333,32474.0708333333,210.002243041992,0.143318036198616
1187833.89,1.99965449174245,33469.14765625,210.002243041992,0.145303971568743
1187853.875,1.99954515298208,34485.8861979167,210.002243041992,0.14721441368262
1187873.828,1.99978185494741,35476.6877604167,210.002243041992,0.148498946428299
1187893.734,1.99872417449951,36467.428125,210.002243041992,0.149272508422534
1187913.765,1.99671041965485,37468.4697916667,210.002243041992,0.150312190254529
1187933.75,1.99684567451477,38472.0015625,210.002243041992,0.150882810354233
1187953.671,1.9979695002238,39457.0752604167,210.002243041992,0.151115305225054
1187973.687,1.99608867963155,40486.5869791667,210.002243041992,0.152075357238452
1187993.671,2.00121629238129,41459.2497395833,210.002243041992,0.151670026779175
1188013.843,2.00007490317027,42466.2020833333,210.002243041992,0.151961847146352
1188033.562,1.99984579086304,43467.00078125,210.002243041992,0.152349847555161
1188053.656,1.99970893065135,44473.4322916667,210.002243041992,0.152688853939374
1188073.515,1.99957191944122,45468.26171875,210.002243041992,0.152235012253126
1188093.437,1.99974184830983,46469.27421875,210.002243041992,0.152609627445539
1188113.437,1.99968358675639,47472.1325520833,210.002243041992,0.153301252921422
1188133.484,1.99972408612569,48469.5481770833,210.002243041992,0.152517061432203
1188153.562,2.01363740762075,49467.3002604167,210.002243041992,0.152829389770826
1188173.296,1.99713890552521,50473.0778645833,210.002243041992,0.152927568554878
1188193.359,1.99485102494558,51473.0401041667,210.002243041992,0.153356439868609
1188213.171,1.99660652478536,52472.7588541667,210.002243041992,0.153072109818459
1188233.156,1.99757295449575,53476.7315104167,210.002243041992,0.153352568546931
1188252.875,2.00020316441854,54510.83671875,210.002243041992,0.152897424499194
1188272.656,2.00004026889801,55472.7763020833,210.002243041992,0.153244509299596
1188292.468,1.99980719089508,56462.7692708333,210.002243041992,0.153383068243663
1188312.343,1.99983906745911,57472.6697916667,210.002243041992,0.153740376234055
1188332.218,1.99966693719228,58478.0408854167,210.002243041992,0.153753121693929
1188351.921,1.99963234265645,59472.2911458333,210.002243041992,0.153865916530291
1188373.765,1.99937805334727,59999.8234375,210.002243041992,0.15330798625946
1188454.781,1.99939924081167,59552.7255208333,225.002243041992,0.153155924876531
1188475.343,1.99955062866211,58532.3549479167,225.002243041992,0.153140203158061
1188495.5,1.99965882301331,57533.75234375,225.002243041992,0.153012629350026
1188515.546,1.99968530337016,56532.2921875,225.002243041992,0.153008583188057
1188535.593,1.99969576994578,55541.0552083333,225.002243041992,0.153165098031362
1188555.765,1.99959818522135,54535.99296875,225.002243041992,0.15301509698232
1188575.968,1.99975829124451,53530.5739583333,225.002243041992,0.153226673603058
1188596.125,1.99973432223002,52530.5005208333,225.002243041992,0.152664738893509
1188616.218,1.99802254041036,51532.6403645833,225.002243041992,0.152662034829458
1188636.312,1.99602991739909,50543.1981770833,225.002243041992,0.15256929397583
1188656.5,1.99822495778402,49527.5544270833,225.002243041992,0.152387571334839
1188676.656,1.9972371896108,48522.5338541667,225.002243041992,0.152351703246435
1188696.718,2.00312377611796,47525.76640625,225.002243041992,0.15242659052213
1188716.843,1.9997446457545,46526.1802083333,225.002243041992,0.152161010106405
1188736.906,1.99978473981222,45542.4145833333,225.002243041992,0.152394718925158
1188756.953,1.99990498224894,44527.3658854167,225.002243041992,0.151847246289253
1188777.218,1.99961905479431,43536.8713541667,225.002243041992,0.152256158987681
1188797.187,1.99974466959635,42537.41015625,225.002243041992,0.151935691634814
1188817.265,1.99965000947316,41532.5236979167,225.002243041992,0.151549007495244
1188837.406,1.99977552890778,40537.8044270833,225.002243041992,0.151741953690847
1188857.578,1.99973989327749,39544.5861979167,225.002243041992,0.151832124590874
1188877.609,1.99982922871908,38536.878125,225.002243041992,0.151492727796237
1188897.812,2.00013460318247,37532.3971354167,225.002243041992,0.151825657486916
1188917.906,1.99991788069407,36532.6434895833,225.002243041992,0.151970010995865
1188938.031,1.99733160336812,35533.1950520833,225.002243041992,0.151330643892288
1188958.078,2.00244023005168,34534.0916666667,225.002243041992,0.151794431606929
1188978.328,1.99854653676351,33539.0026041667,225.002243041992,0.151720900336901
1188998.39,1.99616953531901,32532.579296875,225.002243041992,0.151220841209094
1189018.546,2.00464731852214,31500.81171875,225.002243041992,0.151423817873001
1189038.578,2.0000617980957,30534.768359375,225.002243041992,0.151305517554283
1189058.718,2.00003797213237,29535.2854166667,225.002243041992,0.151113560795784
1189078.921,2.00003018379211,28531.1641927083,225.002243041992,0.151096213857333
1189098.859,2.00010484059652,27538.9341145833,225.002243041992,0.150823237498601
1189119.093,1.99995214144389,26533.596484375,225.002243041992,0.150639568765958
1189139.187,1.99978588422139,25536.6067708333,225.002243041992,0.150589149196943
1189159.375,2.00040283203125,24537.6640625,225.002243041992,0.150437850753466
1189179.468,2.01523232460022,23521.8768229167,225.002243041992,0.150451803207397
1189199.328,2.00337766806285,22532.7920572917,225.002243041992,0.149462997913361
1189219.531,2.00272934436798,21523.66875,225.002243041992,0.148483358820279
1189239.375,2.00087028344472,20532.6227864583,225.002243041992,0.146830183267593
1189259.453,1.99863635698954,19531.1971354167,225.002243041992,0.145338734984398
1189279.468,1.9977282444636,18522.4486979167,225.002243041992,0.143959873914719
1189299.609,1.99968396027883,17528.862890625,225.002243041992,0.141833297411601
1189319.671,2.00031728744507,16540.0651041667,225.002243041992,0.13987166484197
1189339.625,2.00007892449697,15528.6479817708,225.002243041992,0.137768908341726
1189359.765,2.00013870398204,14529.0810546875,225.002243041992,0.135470661520958
1189379.703,2.000319759051,13542.2264973958,225.002243041992,0.132466077804565
1189399.875,2.00031351248423,12527.0838541667,225.002243041992,0.129004581769307
1189419.781,1.99594072500865,11528.0565104167,225.002243041992,0.125321526825428
1189439.843,1.99993379116058,10532.3427734375,225.002243041992,0.122921616832415
1189459.859,2.00022445519765,9535.91432291667,225.002243041992,0.119490295648575
1189480.062,2.00009466807048,8534.20442708333,225.002243041992,0.115463475386302
1189499.937,1.99741370677948,7535.06100260417,225.002243041992,0.110391447444757
1189520.046,2.00148822466532,6525.70992838542,225.002243041992,0.105653500556946
1189540.078,1.9996599038442,5533.04033203125,225.002243041992,0.0997445866465569
1189560.109,2.00050905545553,4530.45895182292,225.002243041992,0.0886040359735489
1189580.125,2.00079135894775,3520.51186523437,225.002243041992,0.0707571869095167
1189600.281,2.00098823706309,2526.56726888021,225.002243041992,0.0441845734914144
1189620.14,2.00106995900472,1534.33235677083,225.002243041992,0.021686027571559
1189640.14,2.00057563781738,535.142911783854,225.002243041992,0.0135777022689581
1189659.968,2.00095770359039,-0.278425804773966,225.002243041992,0.00733509721855323
1189751.781,2.00082120895386,442.691357421875,270.002258300781,0.0123422420273225
1189772.359,2.00090519587199,1472.49988606771,270.002258300781,0.0300377942621708
1189792.421,2.00082756678263,2471.48315429688,270.002258300781,0.0583630308508873
1189812.375,2.00095504124959,3472.99095052083,270.002258300781,0.0902178183197975
1189832.375,2.00088097254435,4471.26451822917,270.002258300781,0.110204276939233
1189852.343,1.99654805660248,5457.00325520833,270.002258300781,0.121739727755388
1189872.484,2.00002352396647,6462.08170572917,270.002258300781,0.130067481597265
1189892.328,2.00034807523092,7465.82581380208,270.002258300781,0.133965546886126
1189912.453,2.00021489461263,8472.5115234375,270.002258300781,0.136023554205894
1189932.578,2.00008525848389,9477.69967447917,270.002258300781,0.136992934346199
1189952.437,2.00279438495636,10501.2828125,270.002258300781,0.138356774051984
1189972.5,1.99885391394297,11470.899609375,270.002258300781,0.139294105768204
1189992.5,2.0003138144811,12463.7460286458,270.002258300781,0.140437648693721
1190012.421,2.00023350715637,13469.6192057292,270.002258300781,0.141271817684174
1190032.406,2.00093050003052,14471.1518880208,270.002258300781,0.141733162601789
1190052.437,2.00070838133494,15462.2531901042,270.002258300781,0.142405768235525
1190072.437,2.00385413169861,16520.1443359375,270.002258300781,0.143117330471675
1190092.359,1.99759648640951,17471.8776041667,270.002258300781,0.14292105336984
1190112.421,1.99958162307739,18466.4149739583,270.002258300781,0.14380962351958
1190132.328,1.99995231628418,19472.1942708333,270.002258300781,0.144435674945513
1190152.265,1.99969621499379,20472.6178385417,270.002258300781,0.144730758666992
1190172.218,2.00502785046895,21481.9622395833,270.002258300781,0.145345328251521
1190192.078,1.99909403324127,22467.3419270833,270.002258300781,0.146019603808721
1190212.062,1.99983824888865,23466.07734375,270.002258300781,0.1461038539807
1190232.078,2.00016982555389,24466.2401041667,270.002258300781,0.146606526772181
1190252.14,2.00018096764882,25471.9384114583,270.002258300781,0.1466174274683
1190272.046,2.00031957626343,26469.01640625,270.002258300781,0.147153168916702
1190292.062,2.00027480125427,27468.3872395833,270.002258300781,0.147430123885473
1190311.968,1.99852315584819,28470.9505208333,270.002258300781,0.147944256663322
1190331.89,1.99783925215403,29465.051171875,270.002258300781,0.148025417327881
1190351.906,2.00081377824148,30471.8696614583,270.002258300781,0.148221057653427
1190372.187,2.00195910135905,31483.663671875,270.002258300781,0.148881077766418
1190391.843,1.98412302335103,32485.7125,270.002258300781,0.14923810561498
1190411.843,1.99654393196106,33468.15390625,270.002258300781,0.149313980340958
1190431.875,1.99937913417816,34463.5294270833,270.002258300781,0.149354257186254
1190451.781,2.00007611910502,35467.2778645833,270.002258300781,0.149891632795334
1190471.703,2.00023566087087,36478.3877604167,270.002258300781,0.150214937329292
1190491.671,2.00032558441162,37468.45,270.002258300781,0.150237880150477
1190511.734,2.00017174084981,38469.2856770833,270.002258300781,0.150383968154589
1190531.75,2.0007584810257,39473.04921875,270.002258300781,0.150559465090434
1190551.796,2.0087779601415,40464.2046875,270.002258300781,0.150786754488945
1190571.609,1.99935806592306,41471.58828125,270.002258300781,0.150729297598203
1190591.593,1.99993592103322,42478.8299479167,270.002258300781,0.150555623571078
1190611.484,2.00194725990295,43468.3635416667,270.002258300781,0.151079950730006
1190631.515,1.99883979956309,44468.8791666667,270.002258300781,0.15102244913578
1190651.515,2.00288961728414,45471.55390625,270.002258300781,0.150947526097298
1190671.421,1.99960312843323,46467.8924479167,270.002258300781,0.151143348217011
1190691.562,2.0004413207372,47467.0682291667,270.002258300781,0.151327545444171
1190711.437,2.00024847189585,48482.5578125,270.002258300781,0.151377421617508
1190731.468,2.00057357152303,49466.5966145833,270.002258300781,0.151336246728897
1190751.296,2.00038714408875,50471.46171875,270.002258300781,0.151528445879618
1190771.25,2.00033343633016,51473.66796875,270.002258300781,0.151693801085154
1190791.171,2.00041143099467,52475.0697916667,270.002258300781,0.151570075750351
1190811.046,2.00063917636871,53476.78671875,270.002258300781,0.151388355096181
1190830.796,2.00046639442444,54473.8307291667,270.002258300781,0.15206928451856
1190850.593,1.99994504451752,55473.11484375,270.002258300781,0.151429335276286
1190870.437,1.99708759784698,56470.4755208333,270.002258300781,0.151494458317757
1190890.281,1.997926958402,57473.9903645833,270.002258300781,0.151796229680379
1190910.109,1.99739071528117,58464.97265625,270.002258300781,0.151558057467143
1190929.89,1.98092846075694,59480.0880208333,270.002258300781,0.151671280463537
1190951.546,2.00008889834086,59999.8161458333,270.002258300781,0.151991679271062
1191047.89,1.9990785519282,59563.3841145833,330.002258300781,0.15059556265672
1191068.546,1.99923259417216,58529.45859375,330.002258300781,0.150277145703634
1191088.64,1.99913495381673,57534.8325520833,330.002258300781,0.150448056062063
1191108.796,1.99916800657908,56542.2953125,330.002258300781,0.150491080681483
1191128.781,1.99929962952932,55531.8565104167,330.002258300781,0.150110099713008
1191148.984,1.99927302201589,54531.4861979167,330.002258300781,0.149962022900581
1191169.046,1.99922228654226,53535.3010416667,330.002258300781,0.150228404005369
1191189.218,1.99949265321096,52528.1111979167,330.002258300781,0.150239959359169
1191209.234,1.9991988102595,51537.68203125,330.002258300781,0.149937083323797
1191229.406,1.99934728145599,50537.2763020833,330.002258300781,0.149896947542826
1191249.578,1.9995300690333,49523.940625,330.002258300781,0.149835818012555
1191269.625,1.99933699766795,48532.8135416667,330.002258300781,0.149949822823207
1191289.765,1.9992368221283,47528.4677083333,330.002258300781,0.149892131487528
1191309.828,1.99959168434143,46531.615625,330.002258300781,0.149892704685529
1191330.078,1.9986961444219,45529.56875,330.002258300781,0.149571362137794
1191350.171,1.99751026630402,44539.6205729167,330.002258300781,0.149727166692416
1191370.421,1.99579980373383,43536.28125,330.002258300781,0.149623282750448
1191390.468,1.99644388357798,42521.89140625,330.002258300781,0.149368798732758
1191410.437,2.00103971163432,41531.5471354167,330.002258300781,0.149458123246829
1191430.656,1.99973302682241,40530.89140625,330.002258300781,0.149115597208341
1191450.671,1.99954479535421,39532.3799479167,330.002258300781,0.149091363946597
1191470.812,1.99936455885569,38525.98203125,330.002258300781,0.148764857649803
1191491.031,1.999453941981,37536.7799479167,330.002258300781,0.148709945877393
1191511.046,1.99944095611572,36532.7203125,330.002258300781,0.148255507151286
1191531.14,1.99933194319407,35531.27421875,330.002258300781,0.147567023833593
1191551.25,1.99967795213064,34534.5458333333,330.002258300781,0.146912012497584
1191571.437,1.99961903095245,33542.0619791667,330.002258300781,0.146123166879018
1191591.578,1.99960154692332,32529.6662760417,330.002258300781,0.144826270143191
1191611.64,1.99262688159943,31532.3205729167,330.002258300781,0.143690664569537
1191631.812,2.00112308661143,30529.5016927083,330.002258300781,0.142993397514025
1191651.843,2.00213402112325,29534.9763020833,330.002258300781,0.141367038091024
1191671.968,2.00037932395935,28534.4654947917,330.002258300781,0.140098732709885
1191692.031,1.99620404243469,27514.3861979167,330.002258300781,0.138755231102308
1191712.218,1.99941934744517,26532.2483072917,330.002258300781,0.13749661842982
1191732.39,1.99925869305929,25532.9579427083,330.002258300781,0.136612876256307
1191752.484,1.99965428511302,24526.7151041667,330.002258300781,0.135753527283669
1191772.421,1.99993379910787,23510.5654947917,330.002258300781,0.13558796942234
1191792.406,1.99978181521098,22536.8087239583,330.002258300781,0.135166039069494
1191812.562,1.99940707683563,21541.6169270833,330.002258300781,0.134591522812843
1191832.515,2.00006065368652,20527.3186197917,330.002258300781,0.134186101953189
1191852.625,2.01289354960124,19534.2225260417,330.002258300781,0.133719972769419
1191872.625,2.00144253571828,18525.13203125,330.002258300781,0.133625916639964
1191892.765,1.99960950215658,17517.9065104167,330.002258300781,0.133604447046916
1191912.734,1.99955432415009,16530.7794270833,330.002258300781,0.133221435546875
1191932.89,1.99720629056295,15527.9914713542,330.002258300781,0.133041378855705
1191952.984,2.00333521366119,14523.7809895833,330.002258300781,0.132956498861313
1191972.921,2.00002443790436,13531.9108723958,330.002258300781,0.132958160837491
1191993.046,2.00022335847219,12530.7194010417,330.002258300781,0.132810681064924
1192013.062,2.00008215904236,11519.0913411458,330.002258300781,0.133162764708201
1192033.218,2.00025273958842,10523.6885416667,330.002258300781,0.13284537990888
1192053.14,2.00060204664866,9537.22044270833,330.002258300781,0.13289916117986
1192073.093,2.013503352801,8529.86966145833,330.002258300781,0.132875214020411
1192093.171,2.00087810357412,7531.400390625,330.002258300781,0.132460485895475
1192113.187,1.99996174971263,6534.88606770833,330.002258300781,0.130973998705546
1192133.218,2.00000112851461,5531.736328125,330.002258300781,0.125040049850941
1192153.281,2.0000448067983,4527.47223307292,330.002258300781,0.114634372790655
1192173.296,2.00756714344025,3503.84064127604,330.002258300781,0.0956069827079773
1192193.343,1.9997144540151,2540.53875325521,330.002258300781,0.0653047040104866
1192213.359,2.00086572170258,1526.67111002604,330.002258300781,0.0312439144899448
1192233.484,2.00239730676015,531.287554931641,330.002258300781,0.0125001439203819
1192253.156,2.00105564594269,-0.214670333266258,330.002258300781,0.00774577120319009
1197873.703,1.99703200658162,438.789231363932,-0.004302978515625,0.0116641251991193
1197894.39,1.99701835314433,1469.25161946615,-0.004302978515625,0.0207373945663373
1197914.343,1.99718190034231,2467.91303710938,-0.004302978515625,0.0375035755336285
1197934.39,1.99739147822062,3471.73470052083,-0.004302978515625,0.0596422545611858
1197954.375,1.99749039014181,4458.98958333333,-0.004302978515625,0.0840192422270775
1197974.437,1.9975915590922,5462.67210286458,-0.004302978515625,0.105028354128202
1197994.343,1.99751992225647,6468.03990885417,-0.004302978515625,0.120729352533817
1198014.343,1.99758186340332,7451.52750651042,-0.004302978515625,0.130277019739151
1198034.468,1.99761056900024,8469.47994791667,-0.004302978515625,0.137098802129428
1198054.531,1.99763675530752,9464.98626302083,-0.004302978515625,0.141340003410975
1198074.453,1.99761979579926,10473.5599609375,-0.004302978515625,0.144887165228526
1198094.421,1.99764188925425,11466.7801432292,-0.004302978515625,0.147551182905833
1198114.515,1.99772686163584,12461.6134114583,-0.004302978515625,0.148626925547918
1198134.515,1.99771193663279,13479.7748046875,-0.004302978515625,0.149188752969106
1198154.515,1.99776604970296,14472.6225911458,-0.004302978515625,0.149301414688428
1198174.343,1.99775724411011,15468.103515625,-0.004302978515625,0.149264229337374
1198194.359,1.99780173301697,16472.2166666667,-0.004302978515625,0.149310971299807
1198214.39,1.99782306353251,17476.6608072917,-0.004302978515625,0.149303616086642
1198234.328,1.99787178834279,18470.915234375,-0.004302978515625,0.149434286355972
1198254.265,1.99790418942769,19472.26796875,-0.004302978515625,0.149358412623405
1198274.25,1.99795373280843,20460.6528645833,-0.004302978515625,0.149412175019582
1198294.25,1.99799706935883,21471.9302083333,-0.004302978515625,0.149292061726252
1198314.421,1.99801940917969,22479.09609375,-0.004302978515625,0.149209822217623
1198334.109,1.99807883103689,23466.1235677083,-0.004302978515625,0.149573439359665
1198354.156,1.99824754397074,24472.5944010417,-0.004302978515625,0.149227521816889
1198374.218,1.99820114771525,25473.9725260417,-0.004302978515625,0.149518404404322
1198394.125,1.99826140403748,26474.7096354167,-0.004302978515625,0.149583187699318
1198414.031,1.99832233587901,27468.71484375,-0.004302978515625,0.149154630303383
1198434.156,1.9983814795812,28463.2596354167,-0.004302978515625,0.149485218524933
1198453.953,1.9984086672465,29466.0388020833,-0.004302978515625,0.149416273832321
1198475.968,1.99802538553874,29999.7649739583,-0.004302978515625,0.149536568919818
1198557.625,1.99817225933075,29560.676953125,15.0023431777954,0.149361915389697
1198578.39,1.99828224182129,28524.471875,15.0023431777954,0.14941072066625
1198598.562,1.9983327627182,27536.539453125,15.0023431777954,0.149306330084801
1198618.546,1.99843985239665,26532.243359375,15.0023431777954,0.149237656593323
1198638.593,1.99854493141174,25537.3305989583,15.0023431777954,0.149116385976474
1198658.781,1.99854156176249,24534.0962239583,15.0023431777954,0.149473798274994
1198678.89,1.99864571094513,23530.6846354167,15.0023431777954,0.149508240818977
1198698.906,1.99870842297872,22539.6016927083,15.0023431777954,0.149496698379517
1198719.031,1.99883942604065,21535.47421875,15.0023431777954,0.149118277430534
1198738.875,1.99877038002014,20534.434765625,15.0023431777954,0.148975106080373
1198758.937,1.99882072607676,19544.0024739583,15.0023431777954,0.148904901742935
1198779.093,1.99881525039673,18529.96484375,15.0023431777954,0.148481205105782
1198799.203,1.99896038373311,17514.7692708333,15.0023431777954,0.147392037510872
1198819.203,1.99898636341095,16524.328515625,15.0023431777954,0.146409859259923
1198839.078,1.99901034832001,15527.2165364583,15.0023431777954,0.144587617119153
1198859.343,1.99914402167002,14535.3049479167,15.0023431777954,0.143005722761154
1198879.281,1.99915923277537,13540.8013020833,15.0023431777954,0.14104279478391
1198899.328,1.99922246932983,12542.6397786458,15.0023431777954,0.138479854663213
1198919.515,1.99928645292918,11532.3578125,15.0023431777954,0.136027757326762
1198939.359,1.99937249819438,10530.9391276042,15.0023431777954,0.132664895057678
1198959.5,1.99940938154856,9518.90162760417,15.0023431777954,0.128268122673035
1198979.515,1.99944932460785,8543.4546875,15.0023431777954,0.123656302193801
1198999.484,1.99962202707926,7533.71985677083,15.0023431777954,0.117477276921272
1199019.515,1.99964172840118,6539.93561197917,15.0023431777954,0.10892640799284
1199039.656,1.99973108768463,5538.39622395833,15.0023431777954,0.0969077403346697
1199059.562,1.99979707400004,4534.78082682292,15.0023431777954,0.0791609595219294
1199079.609,1.99991150697072,3541.44298502604,15.0023431777954,0.0556916919847329
1199099.687,1.99996661345164,2538.49840494792,15.0023431777954,0.0329185627400875
1199119.75,1.99989929199219,1512.51571451823,15.0023431777954,0.0189534538735946
1199139.828,2.00072855949402,535.68486328125,15.0023431777954,0.0124429503455758
1199159.453,2.00036675930023,-0.249372680981954,15.0023431777954,0.00669203236078223
1199250.812,2.00048305193583,448.390380859375,60.0023384094238,0.0128554366528988
1199271.281,2.00035854975383,1460.16121419271,60.0023384094238,0.0247070080290238
1199291.281,2.00031859079997,2469.78430989583,60.0023384094238,0.0550352074205875
1199311.281,2.00037169456482,3468.98289388021,60.0023384094238,0.0862159699201584
1199331.296,2.0003916422526,4467.2556640625,60.0023384094238,0.105802043775717
1199351.265,2.00033356348674,5463.64661458333,60.0023384094238,0.118497310578823
1199371.265,2.00037535031637,6482.00234375,60.0023384094238,0.126882648468018
1199391.296,2.00031464894613,7465.47516276042,60.0023384094238,0.133334945638974
1199411.406,2.00027046203613,8468.76868489583,60.0023384094238,0.138108504811923
1199431.437,2.00029209454854,9473.28483072917,60.0023384094238,0.142277123530706
1199451.359,2.00014314651489,10468.8671223958,60.0023384094238,0.144992310802142
1199471.406,2.00016246636709,11475.0724609375,60.0023384094238,0.147415675719579
1199491.359,2.00011870861053,12468.9380859375,60.0023384094238,0.148780836661657
1199511.343,1.99998700618744,13466.8262369792,60.0023384094238,0.149180527528127
1199531.421,1.99992394447327,14472.0057942708,60.0023384094238,0.149258134762446
1199551.234,1.9999137878418,15464.4188802083,60.0023384094238,0.149195098876953
1199571.328,1.99985615412394,16471.2563802083,60.0023384094238,0.149522175391515
1199591.296,1.99978727499644,17476.0533854167,60.0023384094238,0.149675013621648
1199611.109,1.99973253409068,18464.2486979167,60.0023384094238,0.149501180648804
1199631.187,1.99970021247864,19471.3631510417,60.0023384094238,0.149332931637764
1199651.265,1.99968914190928,20472.0553385417,60.0023384094238,0.149595885475477
1199671.187,1.99966294765472,21469.3884114583,60.0023384094238,0.149599247177442
1199691.031,1.99962611198425,22464.4755208333,60.0023384094238,0.149557627240817
1199711.093,1.99964769681295,23489.5888020833,60.0023384094238,0.149416135748227
1199731.171,1.99957056045532,24463.2889322917,60.0023384094238,0.149364596605301
1199751.093,1.99954533576965,25495.730078125,60.0023384094238,0.149528210361799
1199770.921,1.99944729804993,26464.4817708333,60.0023384094238,0.149397739768028
1199791.078,1.99953829447428,27489.1903645833,60.0023384094238,0.149128070473671
1199810.937,1.99946614106496,28472.715234375,60.0023384094238,0.149229574203491
1199830.937,1.99945520559947,29472.4670572917,60.0023384094238,0.14966573814551
1199852.859,1.99913872083028,29999.7825520833,60.0023384094238,0.149562441309293
1199934.687,1.99920318921407,29555.9473958333,75.0023422241211,0.149675184488297
1199955.312,1.99931791623433,28533.34140625,75.0023422241211,0.149596776564916
1199975.484,1.99925254980723,27525.8471354167,75.0023422241211,0.149734701712926
1199995.609,1.99925550619761,26541.7661458333,75.0023422241211,0.149876508116722
1200015.64,1.99930203755697,25525.6018229167,75.0023422241211,0.14941611190637
1200035.734,1.99931708176931,24528.654296875,75.0023422241211,0.149776511391004
1200055.859,1.99931964079539,23528.5873697917,75.0023422241211,0.149650960167249
1200075.921,1.99939098358154,22530.5235677083,75.0023422241211,0.149466287096341
1200096.015,1.99939016501109,21537.6893229167,75.0023422241211,0.149408220251401
1200116.078,1.99935948053996,20540.029296875,75.0023422241211,0.14965404967467
1200136.093,1.99935693740845,19524.962890625,75.0023422241211,0.1491858959198
1200156.14,1.9994900226593,18538.830078125,75.0023422241211,0.149096196889877
1200176.093,1.99951093991597,17542.2940104167,75.0023422241211,0.148816448450089
1200196.234,1.99951033592224,16516.5365885417,75.0023422241211,0.148609045147896
1200216.218,1.99955988725026,15531.1324869792,75.0023422241211,0.148084851106008
1200236.218,1.99953925609589,14528.8709635417,75.0023422241211,0.147891932725906
1200256.265,1.99964111646016,13532.0537109375,75.0023422241211,0.147108456492424
1200276.39,1.99959583282471,12529.8857421875,75.0023422241211,0.146456255515416
1200296.437,1.99964592456818,11523.269921875,75.0023422241211,0.146038972338041
1200316.437,1.99971808592478,10540.1430338542,75.0023422241211,0.145087070266406
1200336.531,1.9997643550237,9527.72708333333,75.0023422241211,0.144070554773013
1200356.515,1.99985148906708,8522.72005208333,75.0023422241211,0.142423544327418
1200376.593,1.99986340204875,7534.90869140625,75.0023422241211,0.138944004972776
1200396.578,1.99993000825246,6529.8439453125,75.0023422241211,0.13370457192262
1200416.75,1.99995670318604,5529.30771484375,75.0023422241211,0.126370679835478
1200436.578,2.00004970232646,4534.93994140625,75.0023422241211,0.115098855396112
1200456.609,2.00015467802684,3531.64484049479,75.0023422241211,0.09499415208896
1200476.703,2.00032588640849,2539.39262695312,75.0023422241211,0.0594736208518346
1200496.609,1.99991863568624,1536.36162923177,75.0023422241211,0.0293724040190379
1200516.734,2.00099391937256,527.926631673177,75.0023422241211,0.012822808449467
1200536.562,2.00076949596405,0.0460007855047782,75.0023422241211,0.00773234454294046
1200621.984,2.00070669651031,446.962829589844,105.002342224121,0.0125193189829588
1200642.375,2.00069247881571,1464.10943196615,105.002342224121,0.0334606148302555
1200662.5,2.00062058766683,2469.40851236979,105.002342224121,0.064903266231219
1200682.546,2.00058232943217,3471.94305013021,105.002342224121,0.094611711303393
1200702.625,2.0006316502889,4476.54583333333,105.002342224121,0.117090199391047
1200722.468,2.00067097345988,5474.2041015625,105.002342224121,0.130557871858279
1200742.453,2.00060973167419,6472.96748046875,105.002342224121,0.137976823250453
1200762.546,2.00066746075948,7465.7328125,105.002342224121,0.140499526262283
1200782.687,2.00053065617879,8464.72428385417,105.002342224121,0.141987040638924
1200802.64,2.00042859713236,9474.5404296875,105.002342224121,0.142753144105275
1200822.531,2.00041117668152,10467.8715494792,105.002342224121,0.143983033299446
1200842.703,2.00040516853333,11473.0483072917,105.002342224121,0.145425053437551
1200862.718,2.00026568571726,12478.2159505208,105.002342224121,0.145937913656235
1200882.703,2.00023482640584,13477.0705078125,105.002342224121,0.146488689382871
1200902.609,2.00023746490479,14470.9298177083,105.002342224121,0.147139052549998
1200922.578,2.00008057753245,15470.7380208333,105.002342224121,0.147568565607071
1200942.484,2.00015037854513,16469.2455078125,105.002342224121,0.148171492417653
1200962.437,2.00002686182658,17468.0033854167,105.002342224121,0.14834905564785
1200982.453,2.00000243186951,18468.917578125,105.002342224121,0.149041104316711
1201002.359,1.99998524983724,19466.942578125,105.002342224121,0.149136794606845
1201022.406,1.99997183481852,20461.9998697917,105.002342224121,0.149244205156962
1201042.343,1.99991241296132,21468.3165364583,105.002342224121,0.14934296409289
1201062.218,1.99986583391825,22463.7700520833,105.002342224121,0.149498094121615
1201082.296,1.99982651869456,23467.5256510417,105.002342224121,0.149593303600947
1201102.343,2.00016252994537,24463.6635416667,105.002342224121,0.149654682477315
1201122.203,1.99956022898356,25470.06015625,105.002342224121,0.150226450959841
1201142.218,1.99961459636688,26468.10546875,105.002342224121,0.150323395927747
1201162.203,1.9979385137558,27474.149609375,105.002342224121,0.150322999556859
1201182.218,1.99926254749298,28472.660546875,105.002342224121,0.150486582517624
1201202.046,1.99893326759338,29465.478515625,105.002342224121,0.149985094865163
1201223.906,1.9983337799708,29999.78515625,105.002342224121,0.150119744737943
1201305.062,1.99303379058838,29520.6416666667,120.002342224121,0.150306966900826
1201325.593,1.99845350583394,28532.7921875,120.002342224121,0.150770384073257
1201345.656,1.99796682198842,27533.534765625,120.002342224121,0.150650257865588
1201365.859,1.99814012050629,26527.95234375,120.002342224121,0.150571886698405
1201385.937,1.99823996225993,25534.3537760417,120.002342224121,0.150416373213132
1201406.015,1.99860277175903,24532.419140625,120.002342224121,0.15013764500618
1201426.078,1.9985599120458,23528.644921875,120.002342224121,0.15036591788133
1201446.25,1.9986819823583,22519.2524739583,120.002342224121,0.150313369433085
1201466.203,1.99864799976349,21520.1225260417,120.002342224121,0.150525895754496
1201486.14,1.99909240404765,20531.7723958333,120.002342224121,0.150389066338539
1201506.156,1.99880188306173,19529.03046875,120.002342224121,0.150250369310379
1201526.296,1.9994477669398,18531.278515625,120.002342224121,0.150083204110463
1201546.234,1.99873662789663,17535.3239583333,120.002342224121,0.15024585723877
1201566.328,1.99859771728516,16527.9048177083,120.002342224121,0.150023938218753
1201586.39,2.00044260819753,15529.464453125,120.002342224121,0.149899364511172
1201606.578,2.00688552061717,14519.6845052083,120.002342224121,0.149849929412206
1201626.453,1.99851837952932,13534.4096354167,120.002342224121,0.149302943547567
1201646.593,1.99948407014211,12529.3158854167,120.002342224121,0.149038125077883
1201666.625,1.99955999056498,11537.2675130208,120.002342224121,0.148816780249278
1201686.546,1.99931379159292,10533.2335286458,120.002342224121,0.147746858994166
1201706.671,1.99945849577586,9531.4970703125,120.002342224121,0.146472981572151
1201726.671,1.99936957359314,8536.75611979167,120.002342224121,0.144510181744893
1201746.89,1.99968536694845,7526.68167317708,120.002342224121,0.141967146595319
1201766.734,1.9965976079305,6524.30345052083,120.002342224121,0.13742371002833
1201786.921,1.9995506922404,5525.36243489583,120.002342224121,0.128960884610812
1201807.046,1.99957325458527,4520.07708333333,120.002342224121,0.118162036935488
1201826.953,1.99962623914083,3528.75556640625,120.002342224121,0.101978174845378
1201846.89,1.99960338274638,2532.81520182292,120.002342224121,0.0718009303013484
1201866.921,2.00160655180613,1539.29473470052,120.002342224121,0.0368445746600628
1201886.89,2.00060118039449,533.345485432943,120.002342224121,0.0132272065927585
1201906.687,2.00046771367391,-0.114598449071248,120.002342224121,0.00769068657731016
1201987.859,2.00275202592214,446.727298990885,135.002349853516,0.0133789005999764
1202008.359,1.99899829228719,1466.21849772135,135.002349853516,0.0346264359851678
1202028.515,2.00023731390635,2463.83675130208,135.002349853516,0.0696989804506302
1202048.468,2.00022384325663,3462.36267903646,135.002349853516,0.100167261064053
1202068.406,2.00022222995758,4465.95384114583,135.002349853516,0.117448437710603
1202088.484,1.99244531790415,5490.34501953125,135.002349853516,0.126546189188957
1202108.437,1.99946804841359,6467.77981770833,135.002349853516,0.131346402565638
1202128.421,2.00103627045949,7466.17317708333,135.002349853516,0.133497627576192
1202148.546,2.00064293543498,8470.50338541667,135.002349853516,0.135724649826686
1202168.531,2.00049493312836,9475.67447916667,135.002349853516,0.138328216473262
1202188.453,2.00064228375753,10467.9266927083,135.002349853516,0.141102416316668
1202208.593,2.00067392985026,11462.4992838542,135.002349853516,0.143622396389643
1202228.593,2.01535851955414,12472.0274739583,135.002349853516,0.145544972022374
1202248.484,2.00078642368317,13467.2091796875,135.002349853516,0.146445937951406
1202268.468,1.99973891576131,14467.0370442708,135.002349853516,0.147278116146723
1202288.437,1.9997038046519,15473.8701822917,135.002349853516,0.148124395807584
1202308.421,1.99964104493459,16466.6533854167,135.002349853516,0.148837440212568
1202328.421,2.00405883789063,17494.4388020833,135.002349853516,0.149095258116722
1202348.437,2.00010724862417,18472.3243489583,135.002349853516,0.149317119518916
1202368.359,1.99993986288706,19466.7451822917,135.002349853516,0.149765978256861
1202388.39,1.99978223641713,20463.8100260417,135.002349853516,0.149874106049538
1202408.312,1.99978473186493,21470.1186197917,135.002349853516,0.150016028682391
1202428.187,1.99974043369293,22465.2856770833,135.002349853516,0.149937174717585
1202448.171,2.00019197463989,23460.2700520833,135.002349853516,0.150251537561417
1202468.187,2.01328935623169,24471.1118489583,135.002349853516,0.150082623958588
1202488.187,2.00088267326355,25472.4729166667,135.002349853516,0.150300705432892
1202508.218,1.99962696234385,26463.54296875,135.002349853516,0.150412479043007
1202528.203,1.99698584874471,27476.579296875,135.002349853516,0.150777596235275
1202548.203,1.99763820171356,28478.7787760417,135.002349853516,0.150866760810216
1202568.015,2.0017030954361,29481.5979166667,135.002349853516,0.150857998927434
1202589.828,1.99898273944855,29999.75703125,135.002349853516,0.150748468438784
1202675.781,1.99946919282277,29560.7911458333,165.002349853516,0.151277535160383
1202696.484,1.99901406764984,28531.2989583333,165.002349853516,0.151037183403969
1202716.625,1.99936290582021,27532.7161458333,165.002349853516,0.151272413134575
1202736.687,1.99937238693237,26532.7700520833,165.002349853516,0.151008867224058
1202756.765,1.99926673571269,25543.8231770833,165.002349853516,0.15087922612826
1202776.843,1.99991487661997,24533.93828125,165.002349853516,0.150293979048729
1202797.031,1.99721613725026,23530.1807291667,165.002349853516,0.150253628691038
1202817.156,1.99734040896098,22537.7484375,165.002349853516,0.150486666957537
1202837.125,2.00791562398275,21510.9721354167,165.002349853516,0.150320240855217
1202857.046,1.99877263704936,20534.2591145833,165.002349853516,0.149601149559021
1202877.078,1.99982984860738,19536.5104166667,165.002349853516,0.149168075124423
1202897.171,1.99986310799917,18534.7555989583,165.002349853516,0.148311177889506
1202917.187,1.99981302420298,17532.2053385417,165.002349853516,0.147690653800964
1202937.296,1.99984374046326,16528.0921223958,165.002349853516,0.146937652428945
1202957.343,1.9996507803599,15540.0128255208,165.002349853516,0.145318338274956
1202977.39,1.99963180224101,14528.4880859375,165.002349853516,0.143791777888934
1202997.343,2.00040441354116,13535.9462239583,165.002349853516,0.141917828718821
1203017.406,1.99891918500264,12533.4474609375,165.002349853516,0.139347985386848
1203037.406,1.99960497220357,11530.8147135417,165.002349853516,0.13720773657163
1203057.531,1.99967903296153,10534.0578125,165.002349853516,0.135563440124194
1203077.515,1.99953547318776,9532.667578125,165.002349853516,0.134448743859927
1203097.562,1.99999535878499,8547.25872395833,165.002349853516,0.133689553538958
1203117.64,2.00038421154022,7532.48251953125,165.002349853516,0.131587575872739
1203137.671,1.99998760223389,6534.45862630208,165.002349853516,0.126856034994125
1203157.828,2.00032564004262,5522.18707682292,165.002349853516,0.118732119599978
1203177.765,2.00054251352946,4528.22737630208,165.002349853516,0.105099920928478
1203197.734,2.00068821907043,3535.88852539063,165.002349853516,0.0827630201975505
1203217.703,2.00466089248657,2536.74189453125,165.002349853516,0.0552880970140298
1203237.843,1.99895294507345,1530.68426106771,165.002349853516,0.0272759392857552
1203257.843,2.00102066993713,532.475895182292,165.002349853516,0.0125578705842296
1203277.718,2.00083824793498,-0.136388293902079,165.002349853516,0.00753379014010231
1203358.843,2.00119723478953,449.038661702474,180.002349853516,0.011783338089784
1203379.218,2.0008637825648,1465.13196614583,180.002349853516,0.0216107891251643
1203399.343,2.00098072687785,2475.0767578125,180.002349853516,0.0404362375537554
1203419.484,2.00062898000081,3479.93836263021,180.002349853516,0.0642739752928416
1203439.281,2.00096273422241,4466.16956380208,180.002349853516,0.087805567185084
1203459.359,2.00173834959666,5469.28173828125,180.002349853516,0.106770442426205
1203479.281,2.00062847137451,6464.36848958333,180.002349853516,0.121506720781326
1203499.343,2.00020922025045,7468.46334635417,180.002349853516,0.131936925649643
1203519.421,2.00024222532908,8477.42434895833,180.002349853516,0.139107718070348
1203539.453,2.00015710194906,9473.89186197917,180.002349853516,0.143654215335846
1203559.562,1.99950030644735,10485.5070963542,180.002349853516,0.147129693627357
1203579.546,2.00086166063944,11461.7470052083,180.002349853516,0.149143576622009
1203599.468,2.00027398268382,12470.265234375,180.002349853516,0.149376049637794
1203619.375,1.99999449253082,13462.47265625,180.002349853516,0.149850019812584
1203639.468,2.00022424062093,14463.9909505208,180.002349853516,0.149969609578451
1203659.312,2.000612560908,15467.4841796875,180.002349853516,0.150513926148415
1203679.328,2.01500293413798,16469.25625,180.002349853516,0.150586003065109
1203699.296,2.00091648101807,17476.064453125,180.002349853516,0.150306994716326
1203719.296,2.00012203057607,18472.6162760417,180.002349853516,0.150647930304209
1203739.218,2.00208617051442,19468.6799479167,180.002349853516,0.150887308518092
1203759.328,2.00105992158254,20474.7458333333,180.002349853516,0.150881996750832
1203779.25,1.98811735312144,21478.07578125,180.002349853516,0.150923968354861
1203799.156,1.99714000225067,22459.159765625,180.002349853516,0.151204253236453
1203819.078,2.0000163157781,23465.56171875,180.002349853516,0.151209682226181
1203839.093,1.99973660310109,24470.68125,180.002349853516,0.151159337162972
1203859.156,1.9997307062149,25477.435546875,180.002349853516,0.151062242190043
1203879.031,1.99996931552887,26473.137890625,180.002349853516,0.151068449020386
1203899.046,1.9997935295105,27473.8377604167,180.002349853516,0.151356143752734
1203919.078,1.99981322288513,28481.0611979167,180.002349853516,0.151302831371625
1203939.046,1.99828586578369,29463.834765625,180.002349853516,0.151639800270398
1203960.75,1.99827248255412,29999.8037760417,180.002349853516,0.151418024301529
1204041.796,1.99938393433889,29563.257421875,195.002349853516,0.151815828680992
1204062.5,1.99960009256999,28534.01484375,195.002349853516,0.151566541194916
1204082.625,1.99942883650462,27534.497265625,195.002349853516,0.151200172305107
1204102.734,1.99937664667765,26517.6055989583,195.002349853516,0.151427448789279
1204122.843,1.99972413380941,25536.9268229167,195.002349853516,0.151191261410713
1204142.89,1.99962686697642,24535.67265625,195.002349853516,0.15111021399498
1204162.984,1.99956406752268,23533.2625,195.002349853516,0.151110044121742
1204183.046,1.99974375565847,22531.8881510417,195.002349853516,0.150956678390503
1204203.078,1.99852387110392,21528.7182291667,195.002349853516,0.150883843501409
1204223.125,1.99971551100413,20530.7296875,195.002349853516,0.150883787870407
1204243.234,1.99944466749827,19527.3390625,195.002349853516,0.150954381624858
1204263.187,1.99995411237081,18530.565234375,195.002349853516,0.150354612867037
1204283.218,1.98756454785665,17510.3802083333,195.002349853516,0.149445653955142
1204303.328,1.99929409821828,16527.8912109375,195.002349853516,0.148622617125511
1204323.25,2.00030425389608,15534.4436848958,195.002349853516,0.147257123390834
1204343.578,1.99984777768453,14530.8989583333,195.002349853516,0.145253330469131
1204363.39,1.99987318515778,13528.7305989583,195.002349853516,0.143120499451955
1204383.515,1.99987816015879,12528.5992838542,195.002349853516,0.141063588857651
1204403.531,1.99990034103394,11532.23203125,195.002349853516,0.138415520389875
1204423.578,2.00001441637675,10525.1862630208,195.002349853516,0.134971259037654
1204443.656,2.00267896652222,9537.06829427083,195.002349853516,0.131078834335009
1204463.625,1.99946825504303,8530.051953125,195.002349853516,0.125811724364758
1204483.718,1.99972337086995,7530.91220703125,195.002349853516,0.11980102310578
1204503.625,1.99988849163055,6535.18782552083,195.002349853516,0.110604933897654
1204523.781,1.99162116845449,5530.2927734375,195.002349853516,0.0947413350145022
1204543.875,2.00140416622162,4526.35061848958,195.002349853516,0.0786233196655909
1204563.718,2.00008457501729,3534.69002278646,195.002349853516,0.0552822078267733
1204583.796,2.00047095616659,2542.05797526042,195.002349853516,0.0327461102356513
1204603.906,2.00119318167369,1522.12895507813,195.002349853516,0.0189573019742966
1204624.093,2.00144309997559,527.931528727214,195.002349853516,0.0125179175287485
1204643.656,2.00078362623851,-0.100878914693991,195.002349853516,0.00706623255585631
1204734.781,2.00028942426046,447.36216023763,240.002349853516,0.0129632333293557
1204755.218,1.98598592281342,1483.47134602865,240.002349853516,0.023842790722847
1204775.343,1.99871906439463,2470.13701171875,240.002349853516,0.0540732637047768
1204795.281,2.00073034763336,3467.01489257813,240.002349853516,0.0841053356726964
1204815.328,2.00086161295573,4466.62477213542,240.002349853516,0.103774224221706
1204835.453,2.00083173116048,5474.32639973958,240.002349853516,0.116650016605854
1204855.39,2.00046498775482,6466.08642578125,240.002349853516,0.125099653502305
1204875.39,2.00077025095622,7466.83733723958,240.002349853516,0.132445841034253
1204895.437,2.00318586826324,8475.8013671875,240.002349853516,0.137804642319679
1204915.437,2.00047795772552,9468.96328125,240.002349853516,0.141330683231354
1204935.484,2.00016881624858,10462.2544921875,240.002349853516,0.144817937413851
1204955.5,2.00010773340861,11479.4443359375,240.002349853516,0.147408148646355
1204975.515,1.9999000787735,12460.3599609375,240.002349853516,0.149092841148376
1204995.453,2.00180750687917,13475.5301432292,240.002349853516,0.150267244378726
1205015.484,2.00065654118856,14471.3451822917,240.002349853516,0.150226330757141
1205035.328,2.00033316612244,15467.5119791667,240.002349853516,0.150126966834068
1205055.375,2.00009044011434,16480.0035807292,240.002349853516,0.150497217973073
1205075.359,2.00006330808004,17462.7602864583,240.002349853516,0.150610710183779
1205095.312,2.00039142767588,18468.9578125,240.002349853516,0.150796804825465
1205115.265,2.01543862024943,19470.398046875,240.002349853516,0.150613752007484
1205135.281,2.00165936946869,20470.4243489583,240.002349853516,0.150560960173607
1205155.218,1.99989053408305,21470.4536458333,240.002349853516,0.150907573103905
1205175.234,2.00166056950887,22458.8696614583,240.002349853516,0.150540858507156
1205195.203,1.99980536301931,23482.3040364583,240.002349853516,0.151036330064138
1205215.234,1.99096469084422,24485.1122395833,240.002349853516,0.151346404353778
1205235.125,1.99807182947795,25471.77734375,240.002349853516,0.150652838746707
1205255.125,1.99993325074514,26463.186328125,240.002349853516,0.150986015796661
1205275.062,1.99980507691701,27460.5436197917,240.002349853516,0.151332633694013
1205295.015,1.99962549209595,28477.1123697917,240.002349853516,0.151337856054306
1205315.015,1.99993738333384,29461.2231770833,240.002349853516,0.151021164655685
1205336.765,1.99965864022573,29999.8001302083,240.002349853516,0.151043653488159
1205417.968,1.99783837795258,29547.2825520833,255.002349853516,0.150884983936946
1205438.609,2.00030528704325,28536.5756510417,255.002349853516,0.150937759876251
1205458.843,1.98332933584849,27524.4006510417,255.002349853516,0.15063689549764
1205478.828,1.99909465312958,26531.9993489583,255.002349853516,0.150829801956813
1205499.046,1.99918194611867,25543.066796875,255.002349853516,0.150666878620783
1205519,1.99946924050649,24534.5489583333,255.002349853516,0.150494685769081
1205539.203,1.99962578614553,23526.8057291667,255.002349853516,0.150594971577326
1205559.296,1.99943339824677,22534.03515625,255.002349853516,0.150346145033836
1205579.25,1.99961071014404,21525.584375,255.002349853516,0.150635987520218
1205599.281,1.99969178040822,20521.2442708333,255.002349853516,0.150528345505397
1205619.171,1.99959173202515,19533.8118489583,255.002349853516,0.150007567803065
1205639.359,1.99548590977987,18541.3770833333,255.002349853516,0.150033973654111
1205659.281,1.99706146717072,17530.815625,255.002349853516,0.149534809589386
1205679.406,1.99909842809041,16532.3827473958,255.002349853516,0.149323383967082
1205699.531,1.99954202969869,15528.9637369792,255.002349853516,0.14870882332325
1205719.64,1.99258708159129,14524.4279296875,255.002349853516,0.148371835549672
1205739.453,2.00231364568075,13546.8721354167,255.002349853516,0.148361481229464
1205759.718,1.99966639677684,12535.7326822917,255.002349853516,0.147599544127782
1205779.718,1.99975343545278,11538.4341796875,255.002349853516,0.146474997202555
1205799.687,1.99996200402578,10521.4084635417,255.002349853516,0.144930595159531
1205819.671,1.999911348025,9535.283984375,255.002349853516,0.14406465391318
1205839.671,2.00015333493551,8539.2396484375,255.002349853516,0.142075313131015
1205859.765,2.00033679008484,7525.13893229167,255.002349853516,0.13857569694519
1205879.812,1.99905058542887,6532.7357421875,255.002349853516,0.133147897322973
1205899.968,1.99995787143707,5536.16842447917,255.002349853516,0.125106759369373
1205919.937,1.99997833569845,4537.157421875,255.002349853516,0.113739661375682
1205939.953,2.00004622936249,3539.86162109375,255.002349853516,0.0938837384184202
1205959.984,1.98952810764313,2514.29357096354,255.002349853516,0.0562159975369771
1205980.015,1.99781897862752,1529.26923828125,255.002349853516,0.0279882468283176
1206000.109,2.00117292404175,526.443975830078,255.002349853516,0.0128524973988533
1206019.953,2.00129472414653,-0.12266876300176,255.002349853516,0.00737546235322952
1206105.921,1.99944937229156,446.734670003255,285.002349853516,0.0123550657803814
1206126.421,2.00058374404907,1459.22633463542,285.002349853516,0.0323300587634246
1206146.562,2.00037275950114,2475.47543945313,285.002349853516,0.0631448822716872
1206166.546,2.00028460820516,3478.02543945312,285.002349853516,0.0926606699824333
1206186.64,1.98134326140086,4479.923828125,285.002349853516,0.113484157621861
1206206.484,1.99916923046112,5471.99498697917,285.002349853516,0.129475208123525
1206226.484,2.00038839181264,6465.3888671875,285.002349853516,0.136921275655429
1206246.453,2.00086286862691,7464.15192057292,285.002349853516,0.140244493881861
1206266.578,2.00065484046936,8474.46666666667,285.002349853516,0.142481676737467
1206286.671,2.00051010449727,9466.63763020833,285.002349853516,0.143803690870603
1206306.546,2.00043416817983,10460.302734375,285.002349853516,0.144175016880035
1206326.671,1.99958848158518,11473.4221354167,285.002349853516,0.145465694864591
1206346.578,2.00082166194916,12471.0234375,285.002349853516,0.146205085515976
1206366.687,2.00006167888641,13464.515625,285.002349853516,0.146793629725774
1206386.546,1.99969059626261,14471.7423177083,285.002349853516,0.147232369581858
1206406.562,1.99996430079142,15462.8588541667,285.002349853516,0.147682791948318
1206426.531,1.99835367202759,16491.3450520833,285.002349853516,0.148114200433095
1206446.593,2.00073883533478,17475.4451822917,285.002349853516,0.14815547366937
1206466.328,2.0001090447108,18464.682421875,285.002349853516,0.148572037617366
1206486.359,1.99994549751282,19475.1088541667,285.002349853516,0.149067764480909
1206506.343,2.00011456012726,20470.1540364583,285.002349853516,0.149439350763957
1206526.421,2.00040913422902,21466.0798177083,285.002349853516,0.148964772621791
1206546.296,2.0062700510025,22468.5739583333,285.002349853516,0.149331565697988
1206566.265,1.9994303782781,23467.9712239583,285.002349853516,0.149655338128408
1206586.203,2.00049644311269,24468.400390625,285.002349853516,0.149766926964124
1206606.171,2.00176292260488,25467.471875,285.002349853516,0.149654247363408
1206626.25,2.00400413672129,26469.4984375,285.002349853516,0.150389688213666
1206646.109,1.98256124655406,27464.2421875,285.002349853516,0.150078376134237
1206666.234,1.99852192401886,28473.75390625,285.002349853516,0.149833644429843
1206686.156,1.9999520222346,29473.9091145833,285.002349853516,0.150497775276502
1206707.937,1.99949560960134,29999.7908854167,285.002349853516,0.150323294599851
1206788.843,1.99976511796316,29549.0364583333,300.002349853516,0.149926867087682
1206809.5,2.00050682226817,28529.4010416667,300.002349853516,0.15012790064017
1206829.5,1.99629167715708,27536.7852864583,300.002349853516,0.150125702222188
1206849.703,1.99802267551422,26521.9385416667,300.002349853516,0.15006857017676
1206869.734,1.99730070432027,25533.93203125,300.002349853516,0.150062880913417
1206889.937,1.99665717283885,24530.3803385417,300.002349853516,0.150065110127131
1206910.015,1.99580901463827,23505.6291666667,300.002349853516,0.149812850356102
1206929.953,1.99911682605743,22540.86015625,300.002349853516,0.150152868032455
1206949.953,1.99933811028798,21542.342578125,300.002349853516,0.150091302394867
1206970.031,1.99952226479848,20529.3998697917,300.002349853516,0.150071362654368
1206989.953,1.99925992488861,19537.9837239583,300.002349853516,0.150171641508738
1207010.078,1.99988918304443,18532.5686197917,300.002349853516,0.149897654851278
1207030.14,1.99980952739716,17529.6692708333,300.002349853516,0.149894886215528
1207050.203,1.99971566200256,16533.1952473958,300.002349853516,0.149733410278956
1207070.281,2.00205886363983,15535.11953125,300.002349853516,0.149948249260585
1207090.312,1.99976069927216,14529.5948567708,300.002349853516,0.149463292956352
1207110.375,1.99935678641001,13532.7254557292,300.002349853516,0.1494341502587
1207130.5,2.00001465479533,12528.5828125,300.002349853516,0.148752121130625
1207150.484,1.99721118609111,11498.319921875,300.002349853516,0.14850937128067
1207170.421,2.00051299730937,10545.485546875,300.002349853516,0.147688653071721
1207190.562,2.00013507207235,9525.10286458333,300.002349853516,0.146648167570432
1207210.703,2.00002612272898,8528.07727864583,300.002349853516,0.144784892598788
1207230.562,2.00009287198385,7532.58935546875,300.002349853516,0.142372781038284
1207250.828,2.0001478433609,6515.58264973958,300.002349853516,0.138112977147102
1207270.687,2.00030266443888,5533.609375,300.002349853516,0.129885638753573
1207290.75,1.99464162985484,4525.0501953125,300.002349853516,0.116519693036874
1207310.718,1.9998082558314,3532.38302408854,300.002349853516,0.0993010093768438
1207330.703,2.00024573008219,2533.6873046875,300.002349853516,0.0693954656521479
1207350.828,2.00016566912333,1529.94121907552,300.002349853516,0.036272781714797
1207370.796,2.00091071128845,529.246997070313,300.002349853516,0.0131075100973248
1207390.687,2.00754342873891,-0.107335165391366,300.002349853516,0.00794175105790297
1207473.703,2.00063138802846,455.269156901042,315.002349853516,0.0133863541608055
1207494,2.00080590248108,1465.73672688802,315.002349853516,0.0342760823667049
1207514.171,2.0026669104894,2464.35922851563,315.002349853516,0.068098213771979
1207534.046,1.9995977083842,3467.57890625,315.002349853516,0.100883220136166
1207554.078,2.00040752092997,4465.83444010417,315.002349853516,0.118139427403609
1207574.125,2.00026086171468,5467.89615885417,315.002349853516,0.126930607358615
1207594.078,2.00021528402964,6464.90110677083,315.002349853516,0.131684479117394
1207614.109,2.00176957448324,7488.36751302083,315.002349853516,0.134190674622854
1207634.281,2.00139820575714,8466.34850260417,315.002349853516,0.136531233787537
1207654.281,2.00047939618429,9476.14264322917,315.002349853516,0.139125932256381
1207674.171,2.00047165552775,10470.78515625,315.002349853516,0.141962571938833
1207694.312,2.00055254300435,11462.994140625,315.002349853516,0.144114606579145
1207714.328,2.00057295958201,12460.5447265625,315.002349853516,0.145841785271962
1207734.203,2.00339034398397,13472.3677734375,315.002349853516,0.14704552590847
1207754.296,1.99791815280914,14479.9186197917,315.002349853516,0.147682574391365
1207774.14,1.99974160989126,15473.3875651042,315.002349853516,0.148473288615545
1207794.062,1.99978296756744,16469.8041666667,315.002349853516,0.148820737997691
1207814.078,1.99961745738983,17474.619140625,315.002349853516,0.149189407626788
1207834.078,1.98478731314341,18488.1950520833,315.002349853516,0.148985479275386
1207853.953,1.99810304641724,19465.559375,315.002349853516,0.149062778552373
1207873.984,1.99962793191274,20471.30546875,315.002349853516,0.149173661073049
1207894.062,2.00013520717621,21465.5962239583,315.002349853516,0.149208315213521
1207913.89,1.99999946753184,22472.0947916667,315.002349853516,0.149278208613396
1207933.984,1.99992969830831,23474.8688802083,315.002349853516,0.149303882320722
1207953.906,2.00043487548828,24471.2740885417,315.002349853516,0.149603781104088
1207973.859,2.01519122918447,25475.6764322917,315.002349853516,0.149847998221715
1207993.828,2.00146522521973,26471.3819010417,315.002349853516,0.149795407056808
1208013.843,2.00306928157806,27471.7557291667,315.002349853516,0.149767158428828
1208033.796,2.0030930519104,28466.9791666667,315.002349853516,0.15004731019338
1208053.703,1.99942623774211,29468.7483072917,315.002349853516,0.149835202097893
1208075.375,1.99509715239207,29999.7763020833,315.002349853516,0.149983234206835
