Time Stamp (sec),Temperature (K),Magnetic Field (Oe),Sample Position (degrees),Bridge 1 Resistance (Ohms)
1079498.625,1.99619610309601,573.449476318359,0.00219333171844482,0.01272196713835
1079517.25,1.99641850948334,1511.19056640625,0.00219333171844482,0.0222476942837238
1079536.265,1.99659217357636,2457.21405273437,0.00219333171844482,0.0380295321345329
1079554.781,1.99671105861664,3384.8148046875,0.00219333171844482,0.058549188375473
1079573.531,1.9970001411438,4315.16421875,0.00219333171844482,0.0818955710530281
1079592.234,1.99719223976135,5237.68095703125,0.00219333171844482,0.101091538965702
1079610.453,1.99726628303528,6169.01189453125,0.00219333171844482,0.116937426924706
1079629.328,1.99739875793457,7104.47822265625,0.00219333171844482,0.127749208211899
1079647.859,1.99745005130768,8033.4486328125,0.00219333171844482,0.134943234324455
1079666.546,1.99748135089874,8956.21734375,0.00219333171844482,0.139855946302414
1079685.125,1.99742267131805,9896.3764453125,0.00219333171844482,0.143471905589104
1079703.734,1.99754065990448,10824.9855859375,0.00219333171844482,0.146280789375305
1079722.312,1.99750518321991,11743.0162890625,0.00219333171844482,0.148066190481186
1079740.609,1.99757422447205,12671.209921875,0.00219333171844482,0.148828690052032
1079759.421,1.99764174938202,13633.9356640625,0.00219333171844482,0.149304644465446
1079778.64,1.99766613960266,14570.00609375,0.00219333171844482,0.149321413040161
1079797.281,1.99769691467285,15493.920546875,0.00219333171844482,0.149233294725418
1079815.89,1.99766708374023,16433.8216796875,0.00219333171844482,0.149255958795547
1079834.375,1.99757925987244,17365.5603125,0.00219333171844482,0.149363742470741
1079853.203,1.99760336875916,18306.769140625,0.00219333171844482,0.149474277496338
1079871.968,1.99762907981873,19241.7059375,0.00219333171844482,0.149451278448105
1079890.546,1.99729964256287,19983.74625,0.00219333171844482,0.149352840781212
1079909.171,1.9973327589035,19999.729140625,0.00219333171844482,0.149801374077797
1079927.484,1.99738580226898,19999.741875,0.00219333171844482,0.149547877311707
1079946.406,1.997452917099,19999.73796875,0.00219333171844482,0.149478317499161
1079964.687,1.99756032466888,19999.7453125,0.00219333171844482,0.149432612061501
1079983.375,1.99767048835754,19999.74578125,0.00219333171844482,0.149440702795982
1080001.968,1.99773332595825,19999.74,0.00219333171844482,0.149552513360977
1080020.578,1.9978413772583,19999.73171875,0.00219333171844482,0.149247829318047
1080038.953,1.99785627841949,19999.719765625,0.00219333171844482,0.149405065774918
1080057.64,1.99795018672943,19999.71875,0.00219333171844482,0.149365327358246
1080076.265,1.99801445007324,19999.70765625,0.00219333171844482,0.149463487863541
1080094.796,1.99808405399323,19999.70625,0.00219333171844482,0.149336183667183
1080113.109,1.9981803894043,19999.70296875,0.00219333171844482,0.149306424856186
1080131.89,1.99821227073669,19999.87859375,0.00219333171844482,0.149356715083122
1080150.437,1.99829359531403,19999.863515625,0.00219333171844482,0.149670540690422
1080169.171,1.99836448192596,19999.87265625,0.00219333171844482,0.149463489055634
1080188.359,1.99837306022644,19999.878125,0.00219333171844482,0.149346682429314
1080206.968,1.99843709468842,19999.866875,0.00219333171844482,0.14958305478096
1080225.437,1.99853158950806,19999.866484375,0.00219333171844482,0.149395903944969
1080243.906,1.99854510784149,19999.883125,0.00219333171844482,0.149353970885277
1080497.937,1.99952954769135,589.503197021484,15.0021905899048,0.0130776794627309
1080517.281,2.00008892059326,1525.44180664062,15.0021905899048,0.0196632077544928
1080535.75,1.99996927261353,2458.87224609375,15.0021905899048,0.0327397547662258
1080554.312,1.99998661994934,3388.48881835937,15.0021905899048,0.0534470838308334
1080572.968,2.00002224445343,4324.0118359375,15.0021905899048,0.0762155655026436
1080591.828,2.00005834102631,5263.3503125,15.0021905899048,0.0935296276211739
1080610.718,2.0001150894165,6208.5194921875,15.0021905899048,0.105819644927979
1080629.453,2.00007814884186,7146.510703125,15.0021905899048,0.115052484273911
1080648.375,2.00002832889557,8083.482734375,15.0021905899048,0.121559819281101
1080666.906,1.99998661518097,9010.4487109375,15.0021905899048,0.126391523182392
1080685.484,1.99999891757965,9941.29609375,15.0021905899048,0.130514538884163
1080704.265,1.99989483833313,10887.864765625,15.0021905899048,0.134251548647881
1080723.296,1.99985816478729,11830.91734375,15.0021905899048,0.137169291377068
1080741.968,1.9998150062561,12754.7391015625,15.0021905899048,0.139633375406265
1080760.39,1.99973708152771,13688.7612109375,15.0021905899048,0.141611377000809
1080779.171,1.99963987350464,14628.8308984375,15.0021905899048,0.143390313982964
1080797.843,1.999667096138,15563.552578125,15.0021905899048,0.144907425642014
1080816.625,1.99962253570557,16495.455546875,15.0021905899048,0.146381419897079
1080835.359,1.99956233024597,17442.63859375,15.0021905899048,0.147638266086578
1080854,1.99950769424438,18373.203515625,15.0021905899048,0.148314998745918
1080872.64,1.99954115390778,19292.7478125,15.0021905899048,0.148996145129204
1080890.984,1.99898323059082,19993.6371875,15.0021905899048,0.148976781964302
1080909.718,1.99903241157532,19999.713203125,15.0021905899048,0.149009835124016
1080928.156,1.99912414550781,19999.70734375,15.0021905899048,0.149144576191902
1080946.609,1.9991406917572,19999.71296875,15.0021905899048,0.14916253387928
1080965.578,1.99923192501068,19999.713515625,15.0021905899048,0.149166975021362
1080983.859,1.99921406269073,19999.7290625,15.0021905899048,0.149144974946976
1081002.531,1.99921691894531,19999.706875,15.0021905899048,0.149127324819565
1081021.312,1.9992467212677,19999.718984375,15.0021905899048,0.149280579090118
1081039.859,1.99928496360779,19999.868046875,15.0021905899048,0.149263526201248
1081058.296,1.99930220603943,19999.884609375,15.0021905899048,0.149105746746063
1081076.703,1.99932188510895,19999.884296875,15.0021905899048,0.149190940260887
1081095.359,1.99937444210052,19999.887421875,15.0021905899048,0.149147670865059
1081113.953,1.99934336662292,20000.114609375,15.0021905899048,0.148958520293236
1081132.531,1.99941382884979,19999.8640625,15.0021905899048,0.149059596657753
1081151.312,1.9993869638443,19999.850390625,15.0021905899048,0.14919296503067
1081169.937,1.9994483757019,19999.85734375,15.0021905899048,0.149087100028992
1081188.531,1.99947229385376,19999.879609375,15.0021905899048,0.149117522835732
1081207.218,1.99947378158569,19999.871328125,15.0021905899048,0.149080401659012
1081225.796,1.99949977397919,19999.900234375,15.0021905899048,0.148981586098671
1081244.421,1.99950866222382,19999.855625,15.0021905899048,0.149016137123108
1081497.656,2.00000848770142,572.140548095703,30.0021877288818,0.0138173615932465
1081516.234,2.0005485868454,1507.07538085937,30.0021877288818,0.0204296431690454
1081534.953,2.00044815063477,2439.32379882812,30.0021877288818,0.0348644537478685
1081553.515,2.0005099773407,3362.33013671875,30.0021877288818,0.0566487163305283
1081572.078,2.00051012039185,4289.07733398438,30.0021877288818,0.0752189040184021
1081590.937,2.000554895401,5224.22759765625,30.0021877288818,0.0867938083410263
1081609.281,2.00053346633911,6152.10669921875,30.0021877288818,0.093747698366642
1081627.906,2.00052671432495,7081.40505859375,30.0021877288818,0.0974304232001305
1081646.468,2.00050437927246,8019.38498046875,30.0021877288818,0.0993106532096863
1081665.296,2.00043344497681,8937.74875,30.0021877288818,0.100921993255615
1081683.656,2.00037460327148,9866.7608203125,30.0021877288818,0.102514902353287
1081702.296,2.00029434204102,10792.139765625,30.0021877288818,0.103967981040478
1081720.921,2.00023551940918,11716.371953125,30.0021877288818,0.105445544719696
1081739.203,2.00017346382141,12666.76375,30.0021877288818,0.106696933805943
1081758.39,2.00015620231628,13614.8769140625,30.0021877288818,0.10797284424305
1081777.546,2.00001729011536,14568.3911328125,30.0021877288818,0.109146657884121
1081796.343,1.99993176460266,15491.9134765625,30.0021877288818,0.110503050684929
1081814.718,1.99988702774048,16421.0037109375,30.0021877288818,0.112017957568169
1081833.25,1.99987422943115,17359.371796875,30.0021877288818,0.113603995740414
1081852.125,1.99986113071442,18288.329453125,30.0021877288818,0.115107498168945
1081870.531,1.99980732917786,19216.464609375,30.0021877288818,0.116595047712326
1081889.187,1.99935434818268,19975.878828125,30.0021877288818,0.117848421931267
1081907.781,1.99929844856262,19999.6871875,30.0021877288818,0.11783712208271
1081926.343,1.99932883262634,19999.69125,30.0021877288818,0.117761699855328
1081944.875,1.99933260440826,19999.843046875,30.0021877288818,0.11774500399828
1081963.562,1.99938352584839,19999.84703125,30.0021877288818,0.117730691432953
1081982.406,1.9994539642334,19999.8415625,30.0021877288818,0.117757371366024
1082001.109,1.99941038608551,19999.850703125,30.0021877288818,0.117787242531776
1082019.5,1.99946310520172,19999.860078125,30.0021877288818,0.1177742010355
1082038.421,1.99945647716522,19999.849140625,30.0021877288818,0.117908420264721
1082056.796,1.99952997207642,19999.839140625,30.0021877288818,0.117753806114197
1082075.421,1.99952372550964,19999.842578125,30.0021877288818,0.117819029390812
1082094.062,1.99952208995819,19999.870859375,30.0021877288818,0.117964147031307
1082113.14,1.99957533359528,19999.873359375,30.0021877288818,0.117767252624035
1082131.843,1.99957349777222,19999.862109375,30.0021877288818,0.117970254421234
1082150.265,1.99958940505981,19999.8540625,30.0021877288818,0.117977201044559
1082168.875,1.99955821990967,19999.865390625,30.0021877288818,0.117742632329464
1082187.421,1.99954109191895,20000.05890625,30.0021877288818,0.117750892937183
1082205.812,1.99962316989899,19999.743046875,30.0021877288818,0.117963995635509
1082224.484,1.99966714382172,19999.8165625,30.0021877288818,0.117828218042851
1082243.296,1.99965844631195,19999.831640625,30.0021877288818,0.117847573459148
1082496.578,2.00004298210144,571.433341064453,45.0021858215332,0.0138236046954989
1082515.14,2.00064757823944,1498.37236328125,45.0021858215332,0.022765573784709
1082533.671,2.0006128692627,2435.196484375,45.0021858215332,0.0437866760790348
1082552.656,2.00059964179993,3361.22985351563,45.0021858215332,0.0699713152647019
1082571.046,2.00064998626709,4283.591796875,45.0021858215332,0.0878297355771065
1082589.531,2.00062621116638,5213.545234375,45.0021858215332,0.0992058962583542
1082608.312,2.00061277389526,6152.63759765625,45.0021858215332,0.10607641518116
1082626.921,2.00051634788513,7086.93587890625,45.0021858215332,0.111458730101585
1082645.515,2.00056994438171,8011.7092578125,45.0021858215332,0.116260983943939
1082664.109,2.00042850494385,8947.0626953125,45.0021858215332,0.12015127748251
1082682.781,2.00042620658875,9874.072734375,45.0021858215332,0.123757080733776
1082701.406,2.00043849945068,10797.4652734375,45.0021858215332,0.127057955265045
1082719.703,2.00032923698425,11729.0872265625,45.0021858215332,0.130314807295799
1082738.609,2.00026170730591,12664.4977734375,45.0021858215332,0.132982748150826
1082757.109,2.00022005081177,13593.16515625,45.0021858215332,0.135233483910561
1082775.718,2.00016709327698,14524.0103515625,45.0021858215332,0.137819268703461
1082794.296,2.0000447845459,15459.763125,45.0021858215332,0.139727241396904
1082813.078,2.00002212524414,16385.683671875,45.0021858215332,0.141610300540924
1082831.437,1.99995159626007,17304.995625,45.0021858215332,0.143112943768501
1082850.343,1.99987026691437,18273.226015625,45.0021858215332,0.144660742282867
1082869.375,1.99983180522919,19216.403359375,45.0021858215332,0.146057317852974
1082888.015,1.99944555282593,19977.346875,45.0021858215332,0.147005613446236
1082906.609,1.99938696861267,19999.828046875,45.0021858215332,0.147039830088615
1082925.843,1.99936647891998,19999.838515625,45.0021858215332,0.147040017843246
1082944.546,1.99939949035645,19999.83890625,45.0021858215332,0.146986184716225
1082962.734,1.99944090366364,19999.826875,45.0021858215332,0.147053402662277
1082981.453,1.99943557262421,19999.8171875,45.0021858215332,0.147065809369087
1083000.078,1.99952361106873,19999.818203125,45.0021858215332,0.146935076117516
1083018.703,1.99951179981232,19999.82390625,45.0021858215332,0.14683275103569
1083037.25,1.99947556018829,19999.825546875,45.0021858215332,0.146975687146187
1083056.156,1.9995791053772,19999.802734375,45.0021858215332,0.147002450823784
1083074.687,1.99956565380096,19999.82640625,45.0021858215332,0.147070786356926
1083092.937,1.99952716827393,19999.827421875,45.0021858215332,0.146899563670158
1083111.671,1.9974124288559,19999.816953125,45.0021858215332,0.146941391825676
1083130.25,1.9986700296402,19999.817734375,45.0021858215332,0.147076231241226
1083149.359,1.99912585258484,19999.826953125,45.0021858215332,0.146848959326744
1083168.093,1.99918849945068,19999.82140625,45.0021858215332,0.146949710845947
1083186.875,1.99921533584595,19999.83015625,45.0021858215332,0.147021068334579
1083205.203,1.99781817436218,19999.82734375,45.0021858215332,0.147092623114586
1083223.75,1.99911821365356,19999.818046875,45.0021858215332,0.147117709517479
1083242.515,1.99894779205322,19999.8234375,45.0021858215332,0.1469193816185
1083497.046,1.99514441490173,564.462934570313,60.0021858215332,0.0136108664795756
1083515.64,1.99926988601685,1505.83205078125,60.0021858215332,0.0256125000119209
1083534.218,1.99959808826447,2433.67168945313,60.0021858215332,0.0538872942328453
1083552.875,1.99961761951447,3361.46026367188,60.0021858215332,0.0832935503125191
1083571.546,1.99968788146973,4301.44893554688,60.0021858215332,0.103303790688515
1083590.234,1.99952293872833,5217.18529296875,60.0021858215332,0.115685862600803
1083608.656,2.00316943645477,6191.2676953125,60.0021858215332,0.124465365409851
1083628.39,1.99871197223663,7132.7605859375,60.0021858215332,0.131156533956528
1083646.906,1.99989304065704,8061.529453125,60.0021858215332,0.136417613625526
1083665.546,2.00015101909637,8992.076953125,60.0021858215332,0.140395684242249
1083684.39,2.00011263847351,9932.703359375,60.0021858215332,0.14352892935276
1083703.015,2.00021820068359,10866.460390625,60.0021858215332,0.146147559285164
1083721.718,1.99510781288147,11800.299609375,60.0021858215332,0.147757448554039
1083740.453,1.99904921531677,12738.948828125,60.0021858215332,0.148967473506927
1083759.203,1.99964634418488,13670.125859375,60.0021858215332,0.149388909339905
1083777.703,1.99929897785187,14589.820390625,60.0021858215332,0.149300346970558
1083796.078,1.99985977649689,15524.94171875,60.0021858215332,0.149400224685669
1083814.812,1.99839697360992,16462.63203125,60.0021858215332,0.149470932483673
1083833.64,2.00185614585876,17428.439921875,60.0021858215332,0.149431602954864
1083852.921,1.99945074558258,18368.865625,60.0021858215332,0.149457899928093
1083871.546,1.99969861507416,19300.3996875,60.0021858215332,0.149490914940834
1083890.156,1.99907092094421,19994.476484375,60.0021858215332,0.149342722296715
1083909,1.99912882804871,19999.80640625,60.0021858215332,0.149340239167213
1083927.39,1.99943055152893,19999.839296875,60.0021858215332,0.149644132256508
1083946.062,2.00538875102997,19999.841015625,60.0021858215332,0.149530122876167
1083964.421,1.99771889209747,19999.835234375,60.0021858215332,0.149659422636032
1083983.265,1.9968613910675,19999.841328125,60.0021858215332,0.149331441521645
1084001.796,1.99660072803497,19999.856484375,60.0021858215332,0.1494998306036
1084020.515,1.99604988574982,19999.849375,60.0021858215332,0.14943162381649
1084039.312,1.99575753688812,19999.856015625,60.0021858215332,0.149366614818573
1084058.125,1.99786172866821,19999.851171875,60.0021858215332,0.149531201720238
1084078.421,2.00138914585114,19999.8571875,60.0021858215332,0.149474700689316
1084096.875,1.99987391471863,19999.87875,60.0021858215332,0.14958612382412
1084115.484,1.99949778556824,19999.871875,60.0021858215332,0.149536145925522
1084134.046,1.9996609210968,19999.863515625,60.0021858215332,0.149258695840836
1084152.75,1.99990566253662,19999.86828125,60.0021858215332,0.149441964030266
1084171.515,2.00953913211823,19999.8590625,60.0021858215332,0.149717146754265
1084190.375,2.00152060508728,19999.84796875,60.0021858215332,0.149714613556862
1084209.578,1.99946683883667,19999.85203125,60.0021858215332,0.149456058740616
1084228.015,1.9998083114624,19999.85078125,60.0021858215332,0.149389542341232
1084246.593,2.0017330789566,19999.86390625,60.0021858215332,0.149430530667305
1084500.875,2.00000868797302,574.649615478516,75.0021896362305,0.0138660880550742
1084519.515,1.9934956073761,1551.20215820313,75.0021896362305,0.0309205885976553
1084539.968,2.00023599147797,2526.209296875,75.0021896362305,0.0614018453657627
1084558.515,2.00091010093689,3454.978828125,75.0021896362305,0.0943956571817398
1084577.296,2.00087788581848,4389.5367578125,75.0021896362305,0.113700056374073
1084595.812,2.0007465839386,5323.63119140625,75.0021896362305,0.124947908222675
1084614.625,2.00072708129883,6258.6033203125,75.0021896362305,0.132470467090607
1084633.343,1.99718667030334,7211.271640625,75.0021896362305,0.137899321317673
1084652.359,1.99998268604279,8132.32529296875,75.0021896362305,0.141321170330048
1084670.765,2.00014512062073,9061.473203125,75.0021896362305,0.143328741788864
1084689.312,2.00007509231567,9992.2791015625,75.0021896362305,0.144596118927002
1084708.093,2.00004514217377,10928.85140625,75.0021896362305,0.145528942346573
1084726.703,1.99983166217804,11857.7347265625,75.0021896362305,0.146445159316063
1084745.359,2.00992742061615,12805.817265625,75.0021896362305,0.146675142645836
1084764.546,2.00070555686951,13752.6497265625,75.0021896362305,0.147381076812744
1084783.171,2.00019674301147,14672.86515625,75.0021896362305,0.147875400185585
1084801.531,2.00022493839264,15604.225703125,75.0021896362305,0.148137731552124
1084820.093,2.00020186901093,16539.5587890625,75.0021896362305,0.148502863645554
1084838.843,2.00014776706696,17469.6990625,75.0021896362305,0.148872925043106
1084857.343,1.99408781528473,18399.664765625,75.0021896362305,0.148874682188034
1084875.89,1.99781332969666,19332.81671875,75.0021896362305,0.149156114459038
1084894.64,1.99819875717163,19998.9315625,75.0021896362305,0.149436683058739
1084913.25,1.99866925239563,19999.830234375,75.0021896362305,0.149451135993004
1084931.734,1.99894582271576,19999.8415625,75.0021896362305,0.149525928497314
1084950.656,1.99730076789856,19999.828828125,75.0021896362305,0.149625895023346
1084969.328,2.00433740615845,19999.783671875,75.0021896362305,0.149505979418755
1084989.14,1.99899389266968,19999.84171875,75.0021896362305,0.149513018727303
1085007.671,1.99958452701569,19999.826484375,75.0021896362305,0.149504957795143
1085026.171,1.99983240127563,19999.823984375,75.0021896362305,0.149255863428116
1085044.875,1.99982874393463,19999.841171875,75.0021896362305,0.149303621053696
1085063.656,2.00003009319305,19999.819453125,75.0021896362305,0.149355575442314
1085082.234,2.00558010578156,19999.8346875,75.0021896362305,0.149489313364029
1085100.89,1.99916643619537,19999.82796875,75.0021896362305,0.149443348646164
1085119.718,1.99950487136841,19999.839453125,75.0021896362305,0.149225703477859
1085138.281,1.99957678318024,19999.841015625,75.0021896362305,0.149465573430061
1085156.843,1.9993957901001,19999.845,75.0021896362305,0.149485365748405
1085176.14,1.99958250999451,20000.12375,75.0021896362305,0.149294633865356
1085195.203,2.00958324432373,20000.104453125,75.0021896362305,0.149582477211952
1085214.75,1.99956150054932,19999.963203125,75.0021896362305,0.149357943534851
1085233.203,1.99966867923737,19999.82,75.0021896362305,0.149418066740036
1085251.859,1.99990418434143,19999.81515625,75.0021896362305,0.14937931060791
1085505.671,2.00103061676025,564.328305664063,90.0021896362305,0.0137031808868051
1085524.218,2.00945314884186,1538.2157421875,90.0021896362305,0.0335400560498238
1085544.265,2.00066534996033,2494.04391601563,90.0021896362305,0.0609093171358109
1085562.859,2.00043080806732,3423.24426757812,90.0021896362305,0.0880085179209709
1085581.468,2.00050028800964,4347.595078125,90.0021896362305,0.106101135909557
1085600.015,2.0005320930481,5276.36939453125,90.0021896362305,0.117462727427483
1085618.484,2.00048614501953,6203.87619140625,90.0021896362305,0.125240776538849
1085637.14,1.9926793718338,7172.3590234375,90.0021896362305,0.129578875899315
1085657.656,1.99931340694427,8157.51064453125,90.0021896362305,0.132444509863853
1085676.218,2.00096336364746,9087.650234375,90.0021896362305,0.134387832283974
1085694.734,2.00074005126953,10016.5179296875,90.0021896362305,0.135795357823372
1085713.375,2.00066795825958,10949.2615625,90.0021896362305,0.137487509250641
1085732.093,2.00070033073425,11880.9236328125,90.0021896362305,0.138992246389389
1085750.812,1.99670594215393,12810.8390234375,90.0021896362305,0.139854000210762
1085769.343,1.99899479866028,13744.8685546875,90.0021896362305,0.140569960474968
1085788.187,1.99991595745087,14676.521484375,90.0021896362305,0.141184688806534
1085806.515,2.00220542430878,15596.4496875,90.0021896362305,0.141676592826843
1085824.906,2.00295140266418,16525.9580078125,90.0021896362305,0.142050563693047
1085843.718,2.00292414665222,17462.099296875,90.0021896362305,0.14250781416893
1085862.187,1.9991959810257,18412.7278125,90.0021896362305,0.142688485383987
1085881.859,2.0013009262085,19379.29390625,90.0021896362305,0.142982793450356
1085900.578,1.99968743801117,19999.269296875,90.0021896362305,0.143121069669724
1085919.078,1.99969409942627,19999.8165625,90.0021896362305,0.143113082051277
1085937.687,1.99997375011444,19999.8365625,90.0021896362305,0.143072263002396
1085956.296,2.00005619049072,19999.83609375,90.0021896362305,0.142996084094048
1085974.937,2.00697250843048,19999.84109375,90.0021896362305,0.143250012397766
1085993.312,2.00159852027893,19999.82875,90.0021896362305,0.143111680746079
1086012.062,2.00150049209595,19999.79875,90.0021896362305,0.143182567954063
1086030.609,2.00187251091003,19999.810703125,90.0021896362305,0.143215434551239
1086049.421,2.00264980792999,19999.834140625,90.0021896362305,0.142993747591972
1086068.656,2.00293836116791,19999.824140625,90.0021896362305,0.143054346442223
1086087.031,2.00024770259857,19999.7959375,90.0021896362305,0.143203551769257
1086107.218,2.00122883319855,19999.821015625,90.0021896362305,0.143233715891838
1086125.765,2.00000418186188,19999.825859375,90.0021896362305,0.14320858001709
1086144.437,1.99985210418701,19999.818125,90.0021896362305,0.143087944984436
1086162.968,1.99989347457886,19999.81515625,90.0021896362305,0.143059706091881
1086181.64,2.00023587226868,19999.82109375,90.0021896362305,0.143174029588699
1086200.296,2.00959890365601,19999.83078125,90.0021896362305,0.142963971495628
1086219.281,2.00232310295105,19999.830390625,90.0021896362305,0.143258959054947
1086237.796,1.99996760845184,19999.827421875,90.0021896362305,0.143279183506966
1086256.375,1.99965463161469,19999.81953125,90.0021896362305,0.142937368750572
1086509.781,2.00019670963287,577.562474365234,105.00218963623,0.0143816646933556
1086528.39,1.99832402229309,1519.83783203125,105.00218963623,0.0354492802917957
1086547.687,2.00479577064514,2470.70780273438,105.00218963623,0.0654398547112942
1086566.25,2.00136834144592,3384.32642578125,105.00218963623,0.092054331600666
1086584.64,2.00084364891052,4310.271953125,105.00218963623,0.114131871163845
1086603.171,2.00091627120972,5262.1805078125,105.00218963623,0.128777738213539
1086622.531,2.00112199783325,6207.1208203125,105.00218963623,0.136533535718918
1086641.078,2.00167270183563,7181.1718359375,105.00218963623,0.139718638062477
1086660.859,1.9994450712204,8121.9698046875,105.00218963623,0.141301776766777
1086679.437,2.00016716003418,9050.7037890625,105.00218963623,0.142573338150978
1086698.203,2.00032891273499,9980.947578125,105.00218963623,0.143596227765083
1086716.921,2.00029059410095,10914.4944921875,105.00218963623,0.144522157907486
1086735.328,2.00013489723206,11842.7707421875,105.00218963623,0.145273089408875
1086753.859,1.99361196517944,12810.8344921875,105.00218963623,0.146105588078499
1086773.937,2.00064121723175,13777.33671875,105.00218963623,0.146738712787628
1086792.578,2.00071273803711,14708.5693359375,105.00218963623,0.147162086963654
1086811.171,2.00043991565704,15644.3328515625,105.00218963623,0.147754740715027
1086830.203,2.00045441627502,16600.9040625,105.00218963623,0.14817601621151
1086849,2.00084298610687,17537.220078125,105.00218963623,0.148329191207886
1086867.671,1.9965021276474,18467.623046875,105.00218963623,0.148684768080711
1086886.234,1.99935451507568,19403.162890625,105.00218963623,0.149016716480255
1086905.046,1.9992655134201,19999.480078125,105.00218963623,0.148935502767563
1086923.593,2.0001700592041,19999.813203125,105.00218963623,0.149019708037376
1086942.375,2.00119567871094,19999.7684375,105.00218963623,0.149153017997742
1086961.171,1.9883175611496,19999.801875,105.00218963623,0.149001245498657
1086980.234,1.99710865020752,19999.815546875,105.00218963623,0.149089125394821
1086998.875,2.00039645195007,19999.812734375,105.00218963623,0.149016864299774
1087017.5,2.00009867668152,19999.809921875,105.00218963623,0.149136911034584
1087036.062,1.99999155044556,19999.790234375,105.00218963623,0.149149167537689
1087054.937,2.00000509738922,19999.794609375,105.00218963623,0.148922111988068
1087074.109,2.00312166213989,19999.815,105.00218963623,0.149239212274551
1087092.453,2.00006217956543,19999.814375,105.00218963623,0.148828037977219
1087111.109,1.99954023361206,19999.81140625,105.00218963623,0.149206284284592
1087129.812,1.99937782764435,19999.79828125,105.00218963623,0.148999697566032
1087148.328,2.00062915325165,19999.798984375,105.00218963623,0.149072334766388
1087167.078,2.00126640319824,19999.815859375,105.00218963623,0.148928641676903
1087185.75,1.99316551208496,19999.811484375,105.00218963623,0.148990408778191
1087205.437,2.00230495929718,19999.808203125,105.00218963623,0.149096081256866
1087223.843,2.00019903659821,19999.8121875,105.00218963623,0.149194909334183
1087242.578,2.00001694202423,19999.80828125,105.00218963623,0.14897370994091
1087260.89,2.00010083198547,19999.815546875,105.00218963623,0.149073073863983
1091554.843,1.99613903999329,575.361846923828,120.00218963623,0.0145308645069599
1091573.437,1.99646477222443,1509.67356445313,120.00218963623,0.036548864543438
1091592.046,1.99640200138092,2438.093984375,120.00218963623,0.0691779001057148
1091610.89,1.99668056964874,3376.89686523438,120.00218963623,0.0985107156634331
1091629.562,1.99686550140381,4310.63397460938,120.00218963623,0.115714395642281
1091648.171,1.9969221162796,5256.9278515625,120.00218963623,0.126810460090637
1091667.796,1.99704123973846,6222.4068359375,120.00218963623,0.135730826258659
1091686.453,1.99713054656982,7151.3098828125,120.00218963623,0.140484064221382
1091705.125,1.99726959705353,8086.28982421875,120.00218963623,0.143440116643906
1091723.765,1.99732555389404,9008.2643359375,120.00218963623,0.145675266981125
1091742.359,1.99741097450256,9948.8625,120.00218963623,0.147187414765358
1091761.015,1.99750233650208,10876.8603125,120.00218963623,0.148015932440758
1091779.562,1.99740238189697,11804.0621875,120.00218963623,0.14872184753418
1091798.14,1.9974267244339,12739.671875,120.00218963623,0.149166859388351
1091816.828,1.99748237609863,13670.2386328125,120.00218963623,0.149636545181274
1091835.484,1.99743908882141,14625.9428125,120.00218963623,0.149926179647446
1091854.609,1.99748030662537,15572.847265625,120.00218963623,0.149997108578682
1091873.468,1.99750061988831,16510.621015625,120.00218963623,0.150312911868095
1091892.64,1.99748652935028,17477.186171875,120.00218963623,0.150020160675049
1091911.531,1.99758628368378,18414.37359375,120.00218963623,0.150166327953339
1091930.359,1.99760430335999,19354.31515625,120.00218963623,0.150164366960526
1091948.968,1.99703705310822,19999.27296875,120.00218963623,0.150189033746719
1091967.484,1.99716698646545,19999.899453125,120.00218963623,0.150102351903915
1091985.906,1.99732616424561,19999.897109375,120.00218963623,0.150214107632637
1092004.625,1.9974036359787,19999.91109375,120.00218963623,0.1503185993433
1092023.687,1.99750704288483,19999.90859375,120.00218963623,0.150224605798721
1092042.328,1.99758923053741,19999.909375,120.00218963623,0.150226147174835
1092061.234,1.9976780462265,19999.8946875,120.00218963623,0.150221477150917
1092079.64,1.99780191421509,19999.903515625,120.00218963623,0.150167188048363
1092098.718,1.99788461208344,19999.8953125,120.00218963623,0.150192232728004
1092118.078,1.99791578769684,19999.900390625,120.00218963623,0.150194820165634
1092136.609,1.99804612159729,19999.885078125,120.00218963623,0.150167409777641
1092155.218,1.99805039405823,19999.883984375,120.00218963623,0.150111338496208
1092173.812,1.99812544345856,19999.898046875,120.00218963623,0.150185906291008
1092192.453,1.99824650287628,19999.8975,120.00218963623,0.150200498104095
1092211,1.99830205917358,19999.9,120.00218963623,0.150180135965347
1092229.64,1.99840626239777,19999.87921875,120.00218963623,0.150275592803955
1092248.562,1.99835311889648,19999.966875,120.00218963623,0.15020804464817
1092267.25,1.99841979980469,19999.903359375,120.00218963623,0.150179963707924
1092285.578,1.99848378181458,19999.89015625,120.00218963623,0.150186086893082
1092304.531,1.99855263710022,19999.878671875,120.00218963623,0.150301678180695
1092558.89,1.99983146190643,573.052241210938,135.002197265625,0.0148810880258679
1092577.656,2.0001606798172,1496.20364257813,135.002197265625,0.0359102233499289
1092596.156,1.9999328660965,2429.21380859375,135.002197265625,0.0684484675526619
1092614.718,1.999978723526,3365.99067382813,135.002197265625,0.0979056859016419
1092633.625,2.000079164505,4293.15397460937,135.002197265625,0.114898256361485
1092652.062,2.00002430438995,5220.72955078125,135.002197265625,0.124734600484371
1092670.593,2.00004407405853,6149.3870703125,135.002197265625,0.130564755797386
1092689.421,2.00006227493286,7089.8939453125,135.002197265625,0.132911341786385
1092707.984,2.0001042842865,8031.4479296875,135.002197265625,0.134569242596626
1092727.093,2.00000818252563,8975.5915625,135.002197265625,0.13724477827549
1092745.734,1.99999730587006,9910.1948046875,135.002197265625,0.140044807195663
1092764.453,1.99991379737854,10827.9727734375,135.002197265625,0.141943595409393
1092782.796,1.99993232727051,11771.816953125,135.002197265625,0.143919911384583
1092801.937,1.99986131191254,12717.194921875,135.002197265625,0.145627772212028
1092820.765,1.99981169700623,13654.210078125,135.002197265625,0.146781530976295
1092839.39,1.99971053600311,14586.229375,135.002197265625,0.147228032946587
1092857.968,1.99967689037323,15537.9940234375,135.002197265625,0.148051751852036
1092877.531,1.99964133739471,16504.153828125,135.002197265625,0.148721086382866
1092896.25,1.99958467483521,17435.91421875,135.002197265625,0.149195436835289
1092914.796,1.99952864170074,18352.86171875,135.002197265625,0.149420613050461
1092933.187,1.99950714588165,19281.386796875,135.002197265625,0.149637658596039
1092951.734,1.99898905277252,19991.9128125,135.002197265625,0.149714774489403
1092970.296,1.99903163433075,19999.845546875,135.002197265625,0.14982007920742
1092988.937,1.99907202243805,19999.8178125,135.002197265625,0.149861794710159
1093007.687,1.99910460948944,19999.835703125,135.002197265625,0.149740518927574
1093026.296,1.99919072151184,19999.853203125,135.002197265625,0.149854603409767
1093044.921,1.9992095375061,19999.853671875,135.002197265625,0.149937793016434
1093064.125,1.99922928333282,19999.86,135.002197265625,0.149899834990501
1093082.843,1.99920509338379,19999.854140625,135.002197265625,0.149748709201813
1093101.531,1.99926280021667,19999.840625,135.002197265625,0.14960035443306
1093119.828,1.9992730140686,19999.84578125,135.002197265625,0.149821983575821
1093138.687,1.99927780151367,19999.830390625,135.002197265625,0.149832206368446
1093157.312,1.99938243865967,19999.8546875,135.002197265625,0.149722338914871
1093176.187,1.99937247276306,19999.84203125,135.002197265625,0.149832772016525
1093194.859,1.99935994148254,19999.851796875,135.002197265625,0.149784377813339
1093213.5,1.99945310592651,19999.838203125,135.002197265625,0.149608864188194
1093231.921,1.99943665504456,19999.82875,135.002197265625,0.149792333841324
1093250.64,1.99938992023468,19999.852421875,135.002197265625,0.149681805968285
1093269.359,1.99944931983948,19999.829921875,135.002197265625,0.149829083681107
1093287.875,1.99943565368652,19999.82875,135.002197265625,0.14977725148201
1093306.703,1.99955034255981,19999.826796875,135.002197265625,0.149995684623718
1093561.109,2.00057815551758,572.501811523437,150.002197265625,0.0136528208479285
1093580,2.00083791255951,1504.639609375,150.002197265625,0.0319873552769423
1093598.453,2.00050520896912,2440.9563671875,150.002197265625,0.0614279994368553
1093617.109,2.00060705184937,3368.5846484375,150.002197265625,0.0911102715134621
1093635.703,2.00059448242187,4318.49850585937,150.002197265625,0.112175081968308
1093654.968,2.0005534362793,5250.369296875,150.002197265625,0.123093938827515
1093673.375,2.0005361366272,6178.95203125,150.002197265625,0.129300438165665
1093691.937,2.00050910949707,7114.4120703125,150.002197265625,0.131972152590752
1093710.687,2.00048110961914,8043.98111328125,150.002197265625,0.132648460865021
1093729.156,2.00046460151672,8966.5489453125,150.002197265625,0.133190025091171
1093747.781,2.00037620544434,9888.5429296875,150.002197265625,0.133075392246246
1093766.171,2.0002979183197,10822.52578125,150.002197265625,0.13317071557045
1093784.781,2.00026941299438,11751.15921875,150.002197265625,0.133302167654037
1093803.437,2.00017350673676,12680.5484765625,150.002197265625,0.133387367129326
1093822.015,2.00009969711304,13610.4748828125,150.002197265625,0.133422920107841
1093840.609,2.0000669002533,14544.3337890625,150.002197265625,0.13344077706337
1093859.343,1.99999628067017,15481.2925,150.002197265625,0.133598898053169
1093877.984,1.99994161605835,16415.8182421875,150.002197265625,0.133714382052422
1093896.796,1.99989358901978,17354.8490625,150.002197265625,0.133646614551544
1093915.453,1.99983172893524,18280.136328125,150.002197265625,0.133466939330101
1093933.796,1.9997601890564,19210.786640625,150.002197265625,0.133909209370613
1093952.468,1.99936110973358,19976.888671875,150.002197265625,0.134074008464813
1093971.578,1.99929759025574,19999.8115625,150.002197265625,0.133813497424126
1093990.64,1.99936612606049,20000.049140625,150.002197265625,0.134030095934868
1094009.281,1.99939472198486,19999.939375,150.002197265625,0.134161588549614
1094028.187,1.99938019275665,19999.81828125,150.002197265625,0.134156658053398
1094046.671,1.99932548999786,19999.818515625,150.002197265625,0.133990880846977
1094065.093,1.99940375328064,19999.823984375,150.002197265625,0.13399566590786
1094084.515,1.99945137023926,19999.820078125,150.002197265625,0.133844172954559
1094103.562,1.99944033622742,19999.828984375,150.002197265625,0.134142643809319
1094122.093,1.99939012527466,19999.815078125,150.002197265625,0.134020859003067
1094140.671,1.99948812484741,19999.821953125,150.002197265625,0.133826578259468
1094159.406,1.99952888965607,19999.831875,150.002197265625,0.134062485694885
1094178.609,1.99955082416534,19999.821796875,150.002197265625,0.133949113488197
1094197.25,1.9995693397522,19999.827421875,150.002197265625,0.133746225237846
1094215.843,1.99955654144287,19999.837109375,150.002197265625,0.134038239121437
1094234.234,1.99961083889008,19999.835703125,150.002197265625,0.134063428640366
1094252.859,1.99960059642792,19999.79265625,150.002197265625,0.134029681682587
1094271.531,1.99956790924072,19999.798046875,150.002197265625,0.133913660049438
1094290.578,1.99960667610168,19999.796015625,150.002197265625,0.134089544415474
1094309,1.99962285041809,19999.80640625,150.002197265625,0.133869738578796
1094563.046,2.00027523994446,566.252492675781,165.002197265625,0.0133992787078023
1094581.64,2.00073542118073,1501.77235839844,165.002197265625,0.0276318713277578
1094600.343,2.00059845924377,2433.23083984375,165.002197265625,0.0524316251277924
1094619.218,2.00054363250732,3379.81383789063,165.002197265625,0.0801758852601051
1094637.984,2.00068510055542,4311.59098632812,165.002197265625,0.101904454231262
1094656.718,2.00064059257507,5249.49751953125,165.002197265625,0.116404505670071
1094675.39,2.00060973167419,6179.57029296875,165.002197265625,0.124867213964462
1094693.921,2.00061621665955,7108.0553125,165.002197265625,0.129781872034073
1094712.64,2.00061585426331,8044.01455078125,165.002197265625,0.132965978980064
1094731.25,2.00045969009399,8973.0630859375,165.002197265625,0.134340723752975
1094749.968,2.00041916847229,9924.6470703125,165.002197265625,0.135069850683212
1094769.125,2.00030785560608,10867.0132421875,165.002197265625,0.135999838113785
1094787.984,2.00034870147705,11798.6881640625,165.002197265625,0.138041349649429
1094806.39,2.00022880077362,12717.10921875,165.002197265625,0.140201123952866
1094824.75,2.00018478870392,13647.0218359375,165.002197265625,0.142095478773117
1094843.375,2.00015311717987,14583.3574609375,165.002197265625,0.143871042132378
1094862.078,2.00003006458282,15514.870546875,165.002197265625,0.145515184998512
1094880.718,2.00000294208527,16439.3819140625,165.002197265625,0.146436217427254
1094899.218,1.99993626594543,17371.3284375,165.002197265625,0.147503366470337
1094917.734,1.99989352703094,18303.297421875,165.002197265625,0.14841650724411
1094936.328,1.99981181621552,19236.05109375,165.002197265625,0.149086232185364
1094955,1.99935590267181,19983.0359375,165.002197265625,0.149429315924644
1094973.89,1.99935765743256,19999.793828125,165.002197265625,0.149429149031639
1094992.531,1.99940421104431,20000.07453125,165.002197265625,0.149202093482018
1095010.953,1.99948951721191,20000.079453125,165.002197265625,0.149324988126755
1095029.625,1.99945021152496,19999.817578125,165.002197265625,0.14942610681057
1095048.281,1.999534907341,19999.779375,165.002197265625,0.149547935724258
1095066.984,1.99944962024689,19999.770390625,165.002197265625,0.149553758502007
1095086.015,1.99944703578949,19999.768984375,165.002197265625,0.149239996671677
1095105.078,1.9998674249649,19999.798671875,165.002197265625,0.149477890729904
1095123.437,1.99912030220032,19999.788828125,165.002197265625,0.149410829544067
1095141.968,1.99912068367004,19999.802109375,165.002197265625,0.149200180768967
1095161.234,1.999089884758,19999.79578125,165.002197265625,0.149504605531693
1095179.843,1.99730384349823,19999.78171875,165.002197265625,0.14945022881031
1095198.531,1.99816630363464,19999.792578125,165.002197265625,0.149435244202614
1095216.937,1.99882998466492,19999.800078125,165.002197265625,0.149442552924156
1095235.703,1.99849933624268,19999.795625,165.002197265625,0.149363223314285
1095254.296,1.99870150566101,19999.7846875,165.002197265625,0.149463602304459
1095272.89,1.99662572860718,19999.7953125,165.002197265625,0.149332232475281
1095291.656,1.9978880405426,19999.75828125,165.002197265625,0.149448025226593
1095310.203,1.99700326442719,19999.781171875,165.002197265625,0.149557987451553
1095563.765,1.99915638446808,566.936260986328,180.002197265625,0.0125415903329849
1095582.5,1.99610253334045,1517.89978515625,180.002197265625,0.022969803288579
1095602.171,2.00303452968597,2484.28841796875,180.002197265625,0.0409626607596874
1095620.843,2.0003989315033,3418.670546875,180.002197265625,0.0625284416973591
1095639.656,2.00018787384033,4365.7844921875,180.002197265625,0.0854022806882858
1095658.375,2.00031233787537,5302.1451171875,180.002197265625,0.103558483123779
1095677.343,2.00039823055267,6242.449140625,180.002197265625,0.118462603092194
1095696.015,2.00939914226532,7172.14236328125,180.002197265625,0.130137929320335
1095714.578,1.9992388677597,8100.55865234375,180.002197265625,0.136815009713173
1095733.375,1.99902457237244,9040.1210546875,180.002197265625,0.141487401723862
1095751.89,1.99942320823669,9982.9741796875,180.002197265625,0.14547711789608
1095770.984,1.99981637954712,10920.2307421875,180.002197265625,0.148053684830666
1095789.531,1.9996649646759,11852.7584375,180.002197265625,0.149156586527824
1095808.234,1.99582991600037,12801.849921875,180.002197265625,0.149495433568954
1095828.562,1.99748994350433,13787.9512109375,180.002197265625,0.150082870721817
1095847.031,1.99968901157379,14722.0092578125,180.002197265625,0.150183606743813
1095865.593,1.99992500782013,15653.9653515625,180.002197265625,0.150247955322266
1095884.171,1.99987759113312,16594.486015625,180.002197265625,0.15031662106514
1095902.953,2.00007359027863,17525.416796875,180.002197265625,0.150387862324715
1095921.5,2.00666459560394,18462.443125,180.002197265625,0.150623462796211
1095941.656,1.99818903446198,19463.608515625,180.002197265625,0.150701658725739
1095960.25,1.99813933372498,19999.8884375,180.002197265625,0.150920813083649
1095978.828,2.00001132488251,19999.98234375,180.002197265625,0.150802130103111
1095997.453,2.00065607070923,19999.97234375,180.002197265625,0.150864850878716
1096016.39,2.00029722690582,20000.0134375,180.002197265625,0.150839877128601
1096035.031,1.99461809635162,19999.983125,180.002197265625,0.15093209028244
1096056.015,1.99903868675232,19999.97390625,180.002197265625,0.150970944166183
1096075.296,1.99959947109222,19999.977890625,180.002197265625,0.150860892534256
1096094.296,1.9995352268219,19999.96625,180.002197265625,0.150953996181488
1096112.906,1.99961707592011,19999.97515625,180.002197265625,0.150712531805038
1096131.531,1.99968577384949,19999.99671875,180.002197265625,0.150979853272438
1096149.875,2.0001496887207,19999.98328125,180.002197265625,0.150902696847916
1096168.312,1.99696180820465,20000.012109375,180.002197265625,0.150696818828583
1096187.125,1.99840064048767,19999.981796875,180.002197265625,0.150991522073746
1096205.687,1.99713799476624,19999.9990625,180.002197265625,0.151120069622993
1096224.234,1.99653485298157,19999.98125,180.002197265625,0.150977324843407
1096242.765,1.99697510242462,19999.979140625,180.002197265625,0.150847142934799
1096261.531,1.99069991588593,19999.982578125,180.002197265625,0.150695321559906
1096280.953,1.99996936798096,19999.99078125,180.002197265625,0.150761714577675
1096299.281,1.99976332187653,19999.998515625,180.002197265625,0.150940734744072
1096317.859,1.99964803218842,19999.99296875,180.002197265625,0.150922103524208
1096571.937,2.00106424808502,581.298537597656,195.002197265625,0.0131707148253918
1096590.765,2.0015921163559,1522.00716796875,195.002197265625,0.0193832030892372
1096609.781,2.00729402065277,2452.8701953125,195.002197265625,0.0329055055230856
1096628.109,2.00080741405487,3368.05634765625,195.002197265625,0.0528053413331509
1096646.828,2.00063381195068,4312.21184570312,195.002197265625,0.0755378112196922
1096665.421,2.00060715675354,5242.58896484375,195.002197265625,0.09361323595047
1096684.125,2.0005304813385,6165.284375,195.002197265625,0.106915754973888
1096702.609,2.00052840232849,7099.95380859375,195.002197265625,0.116531544029713
1096721.281,1.99624634742737,8058.10568359375,195.002197265625,0.123340890109539
1096741.687,1.99913505554199,9052.840703125,195.002197265625,0.128818277716637
1096760.25,2.00065412998199,9981.450703125,195.002197265625,0.13304612994194
1096778.875,2.0006963634491,10907.0414453125,195.002197265625,0.136428864002228
1096797.781,2.00042212963104,11869.268515625,195.002197265625,0.139315171837807
1096816.734,2.00062328338623,12793.9601953125,195.002197265625,0.141647862195969
1096835.171,2.00803487300873,13722.8020703125,195.002197265625,0.14400518476963
1096854.109,2.00128383159637,14677.9003125,195.002197265625,0.145739212036133
1096872.921,1.99991202354431,15609.8226953125,195.002197265625,0.14737377345562
1096891.421,1.99900995731354,16548.7678515625,195.002197265625,0.1488788241148
1096910.015,1.99808853149414,17478.269765625,195.002197265625,0.149553016424179
1096928.703,1.9975327205658,18419.683046875,195.002197265625,0.150268636345863
1096947.64,2.00831566810608,19413.29453125,195.002197265625,0.150685341358185
1096967.843,1.99939682483673,19999.81140625,195.002197265625,0.150807678103447
1096986.546,1.99961729049683,19999.84359375,195.002197265625,0.150715890526772
1097005.078,1.99962850093842,19999.824609375,195.002197265625,0.150692148208618
1097023.578,1.99958821296692,19999.83,195.002197265625,0.150744178295136
1097042.234,1.99991380214691,19999.820625,195.002197265625,0.150691565871239
1097060.812,2.00403219223022,19999.8309375,195.002197265625,0.150680621266365
1097079.406,1.99875779628754,19999.825234375,195.002197265625,0.150621809959412
1097098.109,1.99950137138367,19999.829140625,195.002197265625,0.150805305242538
1097116.687,1.9995380115509,19999.837734375,195.002197265625,0.150532208681107
1097135.296,1.9994276714325,19999.821796875,195.002197265625,0.150610781908035
1097154.171,1.99933141231537,19999.8303125,195.002197265625,0.150829427838326
1097172.703,2.00740399837494,19999.8340625,195.002197265625,0.150984198451042
1097192.75,1.99990698337555,19999.831328125,195.002197265625,0.150726356506348
1097211.531,1.99990890026093,19999.822421875,195.002197265625,0.150615957975388
1097230.171,1.99969590187073,19999.841015625,195.002197265625,0.150842781066895
1097248.828,1.99976182937622,19999.818125,195.002197265625,0.15078882932663
1097267.39,1.99993895053864,19999.8359375,195.002197265625,0.150794358253479
1097286.14,2.0060944890976,19999.8346875,195.002197265625,0.150765116810799
1097304.75,1.9978918504715,19999.797421875,195.002197265625,0.150639745593071
1097323.531,1.99834163188934,19999.81984375,195.002197265625,0.150852762460709
1097576.906,1.99993438243866,571.723134765625,210.002197265625,0.0137415095791221
1097595.531,2.00072025775909,1515.86932128906,210.002197265625,0.0202775689959526
1097614.468,1.98794244766235,2442.6896875,210.002197265625,0.0330891507863998
1097633.312,1.99735861778259,3407.86708984375,210.002197265625,0.0570350240170956
1097652.343,2.00123607158661,4343.40283203125,210.002197265625,0.0752684035897255
1097670.984,2.00097796440125,5272.92462890625,210.002197265625,0.0873416310548782
1097689.593,2.00077479362488,6207.838828125,210.002197265625,0.094195953309536
1097708.359,2.00088387012482,7144.12220703125,210.002197265625,0.0979724764823914
1097727.125,2.0055621099472,8105.91509765625,210.002197265625,0.100092333257198
1097747.093,2.0000960111618,9078.8693359375,210.002197265625,0.101683306992054
1097765.687,2.00026512622833,10008.0601171875,210.002197265625,0.10332806199789
1097784.39,2.00011461734772,10931.2402734375,210.002197265625,0.104857505559921
1097802.734,1.99999287128448,11865.30859375,210.002197265625,0.106011641919613
1097821.5,1.99988731384277,12809.396171875,210.002197265625,0.10771029740572
1097840.625,1.990074634552,13818.154609375,210.002197265625,0.10881083458662
1097861.75,2.00023404121399,14802.6853515625,210.002197265625,0.110426419377327
1097880.093,2.00041773796082,15733.050078125,210.002197265625,0.112083189189434
1097898.875,2.00004009723663,16669.98984375,210.002197265625,0.11323882907629
1097917.5,2.00000329971313,17605.86296875,210.002197265625,0.114853974282742
1097936.171,2.00040461540222,18537.466875,210.002197265625,0.116292785406113
1097954.718,2.00769172668457,19468.14984375,210.002197265625,0.118038571178913
1097973.343,2.000778632164,19999.806875,210.002197265625,0.118652122318745
1097992.343,1.99870404720306,19999.83078125,210.002197265625,0.118243821263313
1098010.593,1.99743428707123,19999.845234375,210.002197265625,0.11856609672308
1098028.984,1.99709329605103,19999.8534375,210.002197265625,0.118171892166138
1098047.64,1.99705742359161,19999.8540625,210.002197265625,0.118297685086727
1098066.187,2.00494508743286,19999.856328125,210.002197265625,0.118667755126953
1098086.078,1.99845691204071,19999.8521875,210.002197265625,0.118305773437023
1098104.687,1.99952167987823,19999.8421875,210.002197265625,0.118482469916344
1098123.203,1.99965368270874,19999.84671875,210.002197265625,0.11852248609066
1098141.906,1.9995149564743,19999.85078125,210.002197265625,0.118585478365421
1098160.515,2.00008777141571,19999.86015625,210.002197265625,0.118580652475357
1098179.156,2.00917900562286,19999.841953125,210.002197265625,0.118965661525726
1098198.328,2.00103390693665,19999.80640625,210.002197265625,0.118670730888844
1098217.531,1.99961928367615,19999.826875,210.002197265625,0.118478136360645
1098236.718,1.99928817749023,19999.81984375,210.002197265625,0.118419194221497
1098255.093,1.99870568275452,19999.836796875,210.002197265625,0.118340278565884
1098273.796,1.99761616230011,19999.86171875,210.002197265625,0.118380966484547
1098292.234,2.0032856798172,19999.858046875,210.002197265625,0.118400593996048
1098311.921,1.99909498214722,19999.7684375,210.002197265625,0.11841195255518
1098330.609,1.99999744415283,19999.78125,210.002197265625,0.118529210686684
1098584.812,2.00121291637421,583.289528808594,225.002197265625,0.0138499782979488
1098603.75,2.00150046348572,1517.66229003906,225.002197265625,0.022642837613821
1098622.234,2.00824975013733,2440.08622070313,225.002197265625,0.0437014420330524
1098640.796,2.00095158576965,3369.68930664063,225.002197265625,0.0683781994879246
1098659.671,2.00042147636414,4311.240625,225.002197265625,0.0862539717555046
1098678.281,2.00044233322144,5244.14728515625,225.002197265625,0.0977311021089554
1098696.968,2.00046925544739,6173.28119140625,225.002197265625,0.10433026522398
1098715.515,2.00031836509705,7111.980625,225.002197265625,0.108879013061523
1098734.703,1.99331240653992,8103.11939453125,225.002197265625,0.113488685190678
1098754.875,2.00100224971771,9071.035234375,225.002197265625,0.11810410797596
1098773.453,2.00076714992523,9999.877421875,225.002197265625,0.121260515153408
1098792.125,2.00056984901428,10922.22515625,225.002197265625,0.123719015419483
1098811.171,2.00057492256165,11882.487265625,225.002197265625,0.127254831790924
1098829.828,2.00469462871552,12805.776796875,225.002197265625,0.130812456607819
1098848.343,2.0013189125061,13730.19828125,225.002197265625,0.133271553516388
1098866.609,2.0004158782959,14668.2645703125,225.002197265625,0.135607585310936
1098885.468,1.9999675989151,15604.21875,225.002197265625,0.137983892560005
1098904.328,1.99985744476318,16537.6737109375,225.002197265625,0.140065302252769
1098922.843,1.99972630023956,17462.696484375,225.002197265625,0.141833334565163
1098941.343,1.98681948661804,18390.7171875,225.002197265625,0.14313766181469
1098960.093,1.99515831947327,19335.577578125,225.002197265625,0.145202719569206
1098978.828,1.9994935131073,19999.107734375,225.002197265625,0.146066626310349
1098997.234,1.99967142105103,19999.84703125,225.002197265625,0.146210283637047
1099015.609,1.99959441661835,19999.84953125,225.002197265625,0.14612804889679
1099034.484,1.99963332176209,19999.841640625,225.002197265625,0.146325635910034
1099052.812,1.99963625431061,19999.839921875,225.002197265625,0.146294769644737
1099071.359,1.9931862783432,19999.85421875,225.002197265625,0.1459849858284
1099089.921,1.99846364498138,19999.841640625,225.002197265625,0.14624444425106
1099109.125,1.99943767547607,19999.845390625,225.002197265625,0.146324069499969
1099127.515,1.99943653583527,19999.846953125,225.002197265625,0.146098467111588
1099146.671,1.99935114860535,19999.8425,225.002197265625,0.146124366521835
1099165.484,2.00032203197479,19999.83703125,225.002197265625,0.146116985678673
1099185.078,2.00162295341492,19999.849453125,225.002197265625,0.146218773722649
1099203.515,1.99933875083923,19999.8409375,225.002197265625,0.146336227059364
1099222.171,1.99968703269959,19999.84390625,225.002197265625,0.146198998093605
1099240.781,1.99984228610992,19999.83421875,225.002197265625,0.14593279838562
1099259.75,2.00002378463745,19999.84203125,225.002197265625,0.146280570030212
1099278.156,2.00921335220337,19999.836015625,225.002197265625,0.146629382967949
1099296.906,2.00224916934967,19999.854921875,225.002197265625,0.146260374188423
1099315.406,1.99990564823151,19999.861171875,225.002197265625,0.14623889029026
1099334.078,1.99939232349396,19999.848046875,225.002197265625,0.146145752072334
1103623.89,1.99610563755035,579.476030273437,240.002197265625,0.0137484698742628
1103642.625,1.99687321186066,1510.24987304688,240.002197265625,0.024938532486558
1103661.515,1.9965695476532,2444.08143554688,240.002197265625,0.0523918633162975
1103679.828,1.99674176216125,3377.85140625,240.002197265625,0.0807644841074944
1103698.515,1.99681936264038,4305.19920898438,240.002197265625,0.100384024977684
1103717.171,1.99696928024292,5232.9730078125,240.002197265625,0.113482159376144
1103735.687,1.99706043243408,6152.06232421875,240.002197265625,0.122272649109364
1103754.39,1.99719097137451,7095.2967578125,240.002197265625,0.129105398654938
1103772.921,1.99734199523926,8012.70595703125,240.002197265625,0.134700650572777
1103791.343,1.99737582206726,8941.669609375,240.002197265625,0.139198459386826
1103809.906,1.99741599082947,9877.438671875,240.002197265625,0.142378172278404
1103828.765,1.99745931148529,10811.611796875,240.002197265625,0.145754109621048
1103847.296,1.99745034694672,11740.4479296875,240.002197265625,0.147941051721573
1103866.015,1.99751816749573,12671.0253515625,240.002197265625,0.149296058416367
1103884.609,1.99755828857422,13605.1025,240.002197265625,0.149951280355453
1103903.203,1.99750736713409,14535.5723046875,240.002197265625,0.150230283737183
1103921.718,1.99744888305664,15466.5093359375,240.002197265625,0.150522369742394
1103940.5,1.99756134986877,16403.0067578125,240.002197265625,0.150507401823997
1103959.156,1.99751188755035,17328.534375,240.002197265625,0.150464461445808
1103977.5,1.99754219532013,18258.498125,240.002197265625,0.150402495265007
1103996.062,1.99760442256927,19198.448125,240.002197265625,0.15055369079113
1104014.953,1.99727359771729,19972.779453125,240.002197265625,0.150599388480186
1104033.609,1.99726085186005,19999.85234375,240.002197265625,0.150466294884682
1104052.125,1.99729588985443,19999.819609375,240.002197265625,0.150412905216217
1104071.14,1.99741503715515,19999.84625,240.002197265625,0.150626907944679
1104089.703,1.99751194477081,20000.001796875,240.002197265625,0.150798328518867
1104108.593,1.99761656284332,19999.843515625,240.002197265625,0.150651333332062
1104127.015,1.99761953353882,19999.832109375,240.002197265625,0.150665065050125
1104145.734,1.99775794029236,19999.839453125,240.002197265625,0.150678230524063
1104164.546,1.9977795124054,19999.82390625,240.002197265625,0.150563834905624
1104182.859,1.99788733959198,19999.840078125,240.002197265625,0.150671431422234
1104201.625,1.99799614906311,19999.822578125,240.002197265625,0.150808646678925
1104220.187,1.99803868770599,19999.844921875,240.002197265625,0.150439538359642
1104238.671,1.99811497688293,19999.842890625,240.002197265625,0.150683354735374
1104257.875,1.99821959972382,19999.8175,240.002197265625,0.150497688651085
1104276.531,1.99830543994904,19999.831640625,240.002197265625,0.150771032571793
1104294.968,1.99836550712585,19999.837890625,240.002197265625,0.150761098861694
1104313.609,1.99839499473572,19999.84265625,240.002197265625,0.150484466552734
1104332.562,1.99836987495422,19999.829453125,240.002197265625,0.150537522435188
1104351.062,1.99844318389893,19999.834765625,240.002197265625,0.150624274015427
1104370.14,1.9985999917984,19999.8271875,240.002197265625,0.150603258609772
1104623.828,2.00039827346802,575.965971679688,255.002197265625,0.0137723917886615
1104642.703,2.00048914909363,1505.90098144531,255.002197265625,0.0289836613833904
1104661.031,1.99998962879181,2427.1358984375,255.002197265625,0.0561074084043503
1104679.656,1.99993211746216,3356.53705078125,255.002197265625,0.089593271613121
1104698.14,2.00000262737274,4290.05426757813,255.002197265625,0.110831366479397
1104716.953,1.99991940975189,5214.6034375,255.002197265625,0.122696581184864
1104735.421,1.99989025592804,6143.710625,255.002197265625,0.130592079162598
1104754.031,1.999885430336,7074.2284375,255.002197265625,0.136214203238487
1104772.703,1.99986867427826,8007.15759765625,255.002197265625,0.140397295355797
1104791.359,1.99986810207367,8929.735390625,255.002197265625,0.142863137722015
1104809.812,1.99983568668365,9852.138359375,255.002197265625,0.144491925239563
1104828.39,1.99983557224274,10792.1245703125,255.002197265625,0.145732716917992
1104846.906,1.99984806060791,11719.344140625,255.002197265625,0.146913435459137
1104865.531,1.99977383613586,12634.525546875,255.002197265625,0.147517713904381
1104883.781,1.99973030567169,13574.5512890625,255.002197265625,0.148081139326096
1104902.671,1.99969771385193,14506.6274609375,255.002197265625,0.148582953214645
1104921.406,1.99960741996765,15433.5909765625,255.002197265625,0.149122236967087
1104939.734,1.99959461688995,16367.271875,255.002197265625,0.149374325871468
1104958.515,1.99954005718231,17308.0209375,255.002197265625,0.149799176454544
1104977.234,1.99955075740814,18240.999453125,255.002197265625,0.149930484890938
1104995.812,1.99949662685394,19170.1453125,255.002197265625,0.150200488567352
1105014.359,1.99919865131378,19964.40359375,255.002197265625,0.150311853885651
1105033.125,1.99908305644989,19999.8321875,255.002197265625,0.150441673994064
1105051.5,1.99906807422638,19999.85078125,255.002197265625,0.150148229002953
1105070.984,1.99910403728485,19999.8434375,255.002197265625,0.150362690091133
1105089.671,1.9990756893158,19999.823984375,255.002197265625,0.15023307621479
1105108.281,1.99919773578644,19999.841171875,255.002197265625,0.150205219984055
1105126.89,1.99919916629791,19999.829609375,255.002197265625,0.150079073309898
1105145.453,1.99924211502075,19999.836640625,255.002197265625,0.150130012631416
1105163.781,1.99925325870514,19999.82375,255.002197265625,0.150293797850609
1105182.578,1.99926740646362,19999.830390625,255.002197265625,0.15017881333828
1105201.312,1.9992945766449,19999.811171875,255.002197265625,0.150284678339958
1105219.906,1.99934513568878,19999.82765625,255.002197265625,0.150441755652428
1105238.468,1.99938261032105,19999.8178125,255.002197265625,0.150378926992416
1105257.156,1.99938027858734,19999.82328125,255.002197265625,0.150147317647934
1105276.156,1.9993624830246,19999.82890625,255.002197265625,0.150528563261032
1105294.531,1.99942604541779,19999.81546875,255.002197265625,0.150500745177269
1105313.093,1.99944947242737,19999.82734375,255.002197265625,0.15038373708725
1105332.156,1.99944865703583,19999.8303125,255.002197265625,0.150413545966148
1105350.89,1.99950547218323,19999.8253125,255.002197265625,0.150033542513847
1105369.234,1.99952009677887,19999.830078125,255.002197265625,0.150246222019196
1105622.812,2.00051661491394,578.206766357422,270.002197265625,0.0136257003620267
1105641.343,2.00073942184448,1513.36624511719,270.002197265625,0.0310712873935699
1105660.203,2.00043882846832,2445.6075,270.002197265625,0.0575052390992641
1105678.843,2.00039765357971,3379.59440429687,270.002197265625,0.0875965312123299
1105697.453,2.00038296699524,4307.74114257812,270.002197265625,0.107202309072018
1105716.187,2.00036972045898,5241.70603515625,270.002197265625,0.119927865564823
1105734.75,2.00036794662476,6170.621015625,270.002197265625,0.128166983127594
1105753.328,2.00036242485046,7098.64537109375,270.002197265625,0.133016632795334
1105772.078,2.00028787136078,8033.2509765625,270.002197265625,0.135136500000954
1105790.656,2.00029806137085,8963.810234375,270.002197265625,0.136613289117813
1105809.328,2.00028086662292,9896.814921875,270.002197265625,0.13757808804512
1105828.14,2.00024849891663,10844.5498828125,270.002197265625,0.138741140365601
1105847.078,2.00019103050232,11782.799765625,270.002197265625,0.139838494062424
1105865.671,2.00015364646912,12715.8161328125,270.002197265625,0.1407169008255
1105884.312,2.00007848262787,13647.16171875,270.002197265625,0.141349137425423
1105903.109,2.00001953601837,14591.0965625,270.002197265625,0.141874937415123
1105921.75,2.00000110149384,15521.1626953125,270.002197265625,0.142141134142876
1105940.375,1.99994282245636,16453.88296875,270.002197265625,0.142540893554687
1105958.953,1.99993051528931,17392.24,270.002197265625,0.143397033214569
1105977.812,1.99993389606476,18328.043203125,270.002197265625,0.143717669248581
1105996.5,1.99995902061462,19263.57,270.002197265625,0.144242551922798
1106015.093,1.99936710357666,19988.66109375,270.002197265625,0.144927495121956
1106033.89,1.9993155002594,19999.83921875,270.002197265625,0.144347879886627
1106052.421,1.99937482833862,19999.850234375,270.002197265625,0.144371708035469
1106071.015,1.99936938762665,19999.8590625,270.002197265625,0.144745490550995
1106089.64,1.99946315765381,19999.86984375,270.002197265625,0.144570464491844
1106108.5,1.99946813583374,19999.834765625,270.002197265625,0.144777287840843
1106126.875,1.99944542884827,19999.86109375,270.002197265625,0.144753791093826
1106145.843,1.99950720310211,19999.85296875,270.002197265625,0.144661878943443
1106164.515,1.99955408573151,19999.857265625,270.002197265625,0.144508994817734
1106183.593,1.99944645881653,19999.85078125,270.002197265625,0.144669281840324
1106202.14,1.99949058532715,19999.8528125,270.002197265625,0.144496195316315
1106221.406,1.99957349300385,19999.844140625,270.002197265625,0.144497913122177
1106239.984,1.99963481903076,19999.866171875,270.002197265625,0.144406891465187
1106258.593,1.99956404209137,19999.85421875,270.002197265625,0.144575498104095
1106277.218,1.99956174850464,19999.87296875,270.002197265625,0.144402140378952
1106296.062,1.99960601806641,19999.844921875,270.002197265625,0.144467243552208
1106314.687,1.99959228992462,19999.858125,270.002197265625,0.144597056508064
1106333.796,1.99966490268707,19999.849375,270.002197265625,0.144609956741333
1106352.593,1.99963981151581,19999.8453125,270.002197265625,0.144603612422943
1106371.234,1.9997003030777,19999.842890625,270.002197265625,0.144576259851456
1106624.89,2.00141641139984,571.080855712891,285.002197265625,0.0140557551383972
1106643.625,2.00085949420929,1506.243203125,285.002197265625,0.0336219209432602
1106662.218,2.00041234016418,2439.68092773438,285.002197265625,0.0620127640664577
1106680.89,2.00036247730255,3382.8707421875,285.002197265625,0.0904403460025787
1106700.484,2.00055252075195,4335.36081054687,285.002197265625,0.112789205312729
1106719,2.00038931846619,5276.8760546875,285.002197265625,0.127191679179668
1106737.812,2.0003871679306,6213.01087890625,285.002197265625,0.135432681441307
1106756.375,2.00038913726807,7142.509765625,285.002197265625,0.139126869440079
1106775.031,2.00046740531921,8059.030859375,285.002197265625,0.141459229588509
1106793.25,2.00033394813538,8968.4569140625,285.002197265625,0.14270643889904
1106811.625,2.00033174991608,9905.049453125,285.002197265625,0.144207043647766
1106830.843,2.00023035526276,10850.8728515625,285.002197265625,0.145052782893181
1106849.14,2.00023406982422,11782.0823046875,285.002197265625,0.145565127134323
1106867.875,2.00018286705017,12714.5153125,285.002197265625,0.146351919770241
1106886.453,2.00016143321991,13692.92828125,285.002197265625,0.146616088151932
1106906.703,2.00009767055511,14650.21421875,285.002197265625,0.1474704682827
1106925.312,2.00004649162292,15589.5775390625,285.002197265625,0.147530277967453
1106943.875,2.00006953239441,16519.28828125,285.002197265625,0.147859653234482
1106962.515,1.99993483543396,17450.424921875,285.002197265625,0.14831231713295
1106981.078,1.99994945526123,18388.421875,285.002197265625,0.148629377484322
1106999.937,1.99985663890839,19328.561328125,285.002197265625,0.14883597612381
1107018.812,1.99923029899597,19999.21375,285.002197265625,0.148923973441124
1107037.406,1.99938939094543,19999.990234375,285.002197265625,0.148787056207657
1107056.296,1.99945366382599,19999.977109375,285.002197265625,0.148827425837517
1107074.859,1.99950081348419,19999.968828125,285.002197265625,0.148865862488747
1107093.578,1.99951605796814,19999.9934375,285.002197265625,0.149356841444969
1107112.296,1.99952166557312,19999.99609375,285.002197265625,0.149064494967461
1107130.968,1.99948635101318,20000.005078125,285.002197265625,0.148961784243584
1107149.515,1.99951828956604,19999.991171875,285.002197265625,0.148961024880409
1107168.14,2.00014498233795,20000.010234375,285.002197265625,0.149040483236313
1107186.937,1.99940224170685,20000.004453125,285.002197265625,0.148913334012032
1107205.562,1.99914186954498,19999.9903125,285.002197265625,0.148986276388168
1107224.109,1.99918737411499,19999.993046875,285.002197265625,0.148997863531113
1107242.921,1.99827608108521,19999.97421875,285.002197265625,0.148938034772873
1107261.562,1.99849823951721,19999.982890625,285.002197265625,0.148942736983299
1107280.078,1.99880088806152,19999.968984375,285.002197265625,0.149113042354584
1107299.187,1.99849997520447,20000.015390625,285.002197265625,0.148629038333893
1107317.968,1.99873352527618,19999.99953125,285.002197265625,0.148821778893471
1107336.328,1.99654162883759,19999.9946875,285.002197265625,0.14891792178154
1107355.156,1.99788007736206,20000.001171875,285.002197265625,0.148932068347931
1107374.093,1.9960125541687,20000.0190625,285.002197265625,0.149050558209419
1107627.687,1.99979266166687,574.689505615234,300.002197265625,0.0146444573253393
1107646.281,1.99624398708344,1515.82831054687,300.002197265625,0.0365964984148741
1107665.75,2.00352717399597,2492.81821289063,300.002197265625,0.0698150451481342
1107684.812,2.00025551795959,3428.62337890625,300.002197265625,0.0981605598330498
1107703.437,2.00014306545258,4354.9575390625,300.002197265625,0.115388048887253
1107722.046,1.99999792098999,5291.3119140625,300.002197265625,0.127797273099422
1107740.843,2.00017446994781,6247.41388671875,300.002197265625,0.137141375541687
1107760.125,2.00666937828064,7180.11537109375,300.002197265625,0.141712319850922
1107778.5,2.00258920669556,8107.70607421875,300.002197265625,0.144280723929405
1107797.312,1.99996767044067,9048.8095703125,300.002197265625,0.146024458408356
1107815.906,1.99963977336884,9994.0599609375,300.002197265625,0.14715704023838
1107835.046,1.99953465938568,10926.04484375,300.002197265625,0.147994884848595
1107853.375,1.99942977905273,11854.506640625,300.002197265625,0.148713175058365
1107872.078,1.99793047904968,12804.8132421875,300.002197265625,0.148890542984009
1107891.812,2.00101037025452,13772.89625,300.002197265625,0.149392659068108
1107910.343,1.99940473556519,14703.331171875,300.002197265625,0.149506447911263
1107929.109,1.99974884986877,15629.0881640625,300.002197265625,0.149771970510483
1107947.468,1.99966881275177,16566.2125,300.002197265625,0.149875720739365
1107966.328,1.99977269649506,17495.46609375,300.002197265625,0.149756256937981
1107984.89,1.9998101568222,18420.661484375,300.002197265625,0.149890906810761
1108003.296,1.99486223220825,19346.23984375,300.002197265625,0.150022958517075
1108021.906,1.99792547702789,19999.2640625,300.002197265625,0.149957178235054
1108040.625,1.99875426292419,19999.851640625,300.002197265625,0.150090312957764
1108059.359,1.99900544166565,19999.87921875,300.002197265625,0.14995030939579
1108077.765,1.99940001964569,19999.886640625,300.002197265625,0.149988094568253
1108096.359,1.99332100868225,19999.878984375,300.002197265625,0.149884513616562
1108116.703,1.9984308385849,19999.880546875,300.002197265625,0.149891501069069
1108135.343,1.99916708469391,19999.88203125,300.002197265625,0.150052864551544
1108154,1.99941796302795,19999.8775,300.002197265625,0.149930331707001
1108172.656,1.99970697402954,19999.878046875,300.002197265625,0.150108839273453
1108192.031,1.99956618309021,19999.87875,300.002197265625,0.149895574450493
1108210.765,1.99965712070465,19999.866015625,300.002197265625,0.150017235279083
1108229.093,2.00147840976715,19999.865234375,300.002197265625,0.149912207126617
1108247.89,1.99799432277679,19999.85359375,300.002197265625,0.149862122535706
1108266.453,1.99857353687286,19999.8621875,300.002197265625,0.149908031821251
1108285.078,1.99834957122803,19999.876171875,300.002197265625,0.149855374097824
1108303.625,1.99810979366303,19999.8684375,300.002197265625,0.149937205314636
1108322.265,1.98895594596863,19999.8675,300.002197265625,0.149944756627083
1108341.421,1.99548534393311,19999.848671875,300.002197265625,0.149951022267342
1108360.546,1.99993894577026,19999.863984375,300.002197265625,0.15010783970356
1108379.031,1.99995993614197,19999.857734375,300.002197265625,0.149977195858955
1108632.968,2.00116998672485,579.495512695313,315.002197265625,0.0152776477113366
1108651.765,2.00119410037994,1517.06697753906,315.002197265625,0.0360141883045435
1108670.39,2.01126068592072,2439.088984375,315.002197265625,0.0688841041922569
1108688.734,2.00245267868042,3367.5052734375,315.002197265625,0.0980958592891693
1108707.468,2.00030169010162,4301.850390625,315.002197265625,0.115798927545547
1108726.062,2.00018775939941,5229.550078125,315.002197265625,0.125276816785336
1108744.64,2.00014359474182,6159.07708984375,315.002197265625,0.130568969249725
1108763.125,2.00013467311859,7087.00435546875,315.002197265625,0.133034298419952
1108781.921,1.99267747879028,8033.93548828125,315.002197265625,0.135274236798286
1108801.5,2.00113068580627,8990.0934375,315.002197265625,0.138055559396744
1108819.859,2.00048910140991,9919.9087890625,315.002197265625,0.140469788312912
1108838.453,2.00042432785034,10848.2855078125,315.002197265625,0.143040955662727
1108857.14,2.00025898933411,11777.112421875,315.002197265625,0.14463377058506
1108875.828,2.00069347381592,12717.739296875,315.002197265625,0.146266393661499
1108894.468,2.01125445842743,13649.3009375,315.002197265625,0.147493044137955
1108913.093,2.00163491249084,14580.364921875,315.002197265625,0.147787951827049
1108931.671,2.00012235164642,15516.10703125,315.002197265625,0.148191468715668
1108950.343,1.99971903800964,16446.5891796875,315.002197265625,0.148795256614685
1108968.906,1.99975565433502,17378.15859375,315.002197265625,0.148832945227623
1108987.656,2.00181029319763,18323.757890625,315.002197265625,0.149084818959236
1109006.484,1.99768700122833,19270.7034375,315.002197265625,0.149122434258461
1109025.765,2.00245353221893,19993.362734375,315.002197265625,0.149153062701225
1109044.89,1.99912983894348,19999.851484375,315.002197265625,0.149363769888878
1109063.468,1.99945585250854,19999.838125,315.002197265625,0.149218375086784
1109082.015,1.99952214717865,19999.8321875,315.002197265625,0.14931590616703
1109100.984,1.99957993507385,19999.850703125,315.002197265625,0.149359117150307
1109120.218,1.99951435565948,19999.850703125,315.002197265625,0.149105097055435
1109138.421,1.99364978313446,19999.86359375,315.002197265625,0.149391102194786
1109157.296,1.99754311084747,19999.853046875,315.002197265625,0.149219720363617
1109175.953,1.99972570896149,19999.845546875,315.002197265625,0.149307949542999
1109194.546,2.00089102268219,19999.829765625,315.002197265625,0.149609403610229
1109213.062,2.00169930458069,19999.8484375,315.002197265625,0.149178735613823
1109231.625,1.98975476264954,19999.845390625,315.002197265625,0.149501243829727
1109250.781,1.99688509464264,19999.842578125,315.002197265625,0.149283121228218
1109269.296,2.00001687049866,19999.846328125,315.002197265625,0.149348026514053
1109288.468,1.99998197078705,19999.835234375,315.002197265625,0.149209558367729
1109307.328,1.99975278377533,19999.838046875,315.002197265625,0.14913770377636
1109326.265,1.99989385128021,19999.851796875,315.002197265625,0.149181973338127
1109344.656,2.0000422334671,19999.85828125,315.002197265625,0.149368605017662
1109363.187,2.00795636177063,19999.84859375,315.002197265625,0.149067190885544
1109382.25,2.00090964317322,19999.844609375,315.002197265625,0.149119355082512
1109636.046,1.99944467544556,575.041131591797,330.002197265625,0.0136766097322106
1109654.828,2.00058542728424,1511.15451171875,330.002197265625,0.0322248512506485
1109673.39,2.00033234596252,2440.7723828125,330.002197265625,0.0635434120893478
1109692.14,1.99579625606537,3373.40100585937,330.002197265625,0.0925992920994759
1109711.14,2.00468053340912,4323.50752929688,330.002197265625,0.113114753961563
1109729.671,2.00112387657166,5252.0459765625,330.002197265625,0.123470632731915
1109748.312,2.00074589729309,6182.95759765625,330.002197265625,0.129387358427048
1109767.046,2.00067141532898,7112.2673046875,330.002197265625,0.131968266963959
1109785.656,2.0010161113739,8044.814140625,330.002197265625,0.132633183598518
1109804.25,2.00777105331421,8975.17203125,330.002197265625,0.132819890379906
1109822.812,2.00111138343811,9903.78515625,330.002197265625,0.132737674117088
1109841.39,2.00016830444336,10837.168203125,330.002197265625,0.132881261110306
1109860.046,2.00001470565796,11767.4034375,330.002197265625,0.133079684972763
1109878.703,1.99992579460144,12696.8192578125,330.002197265625,0.133128848671913
1109897.375,1.99981413841248,13630.538671875,330.002197265625,0.133080626726151
1109915.89,1.99378666877747,14606.04703125,330.002197265625,0.132952483296394
1109936.171,2.00042177677155,15575.039453125,330.002197265625,0.133107035756111
1109954.875,2.00019228458405,16501.35796875,330.002197265625,0.133076920509338
1109973.171,2.00009519100189,17428.1115625,330.002197265625,0.133243538141251
1109992.25,2.00009052753448,18386.093203125,330.002197265625,0.133475435972214
1110011.031,2.00024322032928,19310.055390625,330.002197265625,0.133753811120987
1110029.265,2.0083895778656,19995.283828125,330.002197265625,0.134049386978149
1110047.984,2.00123467445374,19999.84671875,330.002197265625,0.133893945813179
1110066.64,1.99837857246399,19999.834765625,330.002197265625,0.133844592571259
1110085.265,1.99772330760956,19999.813125,330.002197265625,0.133747835755348
1110103.671,1.9963268327713,19999.938515625,330.002197265625,0.134029564857483
1110122.359,1.99636855602264,19999.83265625,330.002197265625,0.133750413060188
1110141,2.00957948684692,19999.858125,330.002197265625,0.134303805232048
1110160.734,1.99971339225769,19999.8303125,330.002197265625,0.134052264690399
1110179.328,1.99952037811279,19999.8409375,330.002197265625,0.134021890163422
1110197.953,1.99973533153534,19999.846484375,330.002197265625,0.133977874517441
1110216.531,1.99982576370239,19999.84296875,330.002197265625,0.133944283127785
1110235.156,2.00007633686066,19999.848203125,330.002197265625,0.133963836431503
1110253.953,2.00548739433289,19999.84453125,330.002197265625,0.134200906157494
1110272.25,1.99817095279694,19999.84453125,330.002197265625,0.133871276378632
1110291.046,1.99919701576233,19999.831171875,330.002197265625,0.134050862193108
1110309.671,1.99944887161255,19999.812734375,330.002197265625,0.133976836204529
1110328.078,1.99943218708038,19999.81859375,330.002197265625,0.133830654025078
1110346.859,1.99921455383301,19999.806875,330.002197265625,0.13390088737011
1110365.406,2.00712469100952,19999.832734375,330.002197265625,0.134011833071709
1110385.062,1.99922209739685,19999.825234375,330.002197265625,0.134002393484116
